,BOLD_correlation,Mask,Max,Max-Mean,Max-Min,Mean_peak,Mean_peak-Min,Min,TI,Task,Time_to_peak,slope
1,0.9032801723957204,0.0,1.0,1.0,1.0,1.0,1.0,1.0,630,0.0,0.0,1.0
1,0.0,0.0,0.8343429980741597,0.284725286911505,0.1867269075579191,0.8293628215887239,0.056513043492999626,0.9515007112485668,650,0.0,1.0,0.07348820442706702
1,0.5769959342408102,0.0,0.7730465598563256,0.16110287234996726,0.0,0.7876001064030156,0.0,0.9133358458842764,670,0.0,0.25,0.0
1,0.9645390721528504,0.0,0.5513520660484623,0.23671233842294026,0.15918328625610978,0.5660765602481135,0.2530354581177417,0.6275496760519914,690,0.0,0.5,0.2385989020058356
1,0.7808268700662608,0.0,0.6419722226844762,0.2735265580318492,0.31290749638695714,0.6563995398939255,0.40484331416809904,0.7056309988319853,710,0.0,0.5,0.36114732948932304
1,0.9999999999999998,0.0,0.3875043226434194,0.4767939989353533,0.28979502128379475,0.3847019730806487,0.32438349866078303,0.41403840411163984,730,0.0,0.25,0.3258015948524414
1,0.5571897237210803,0.0,0.0,0.0,0.08515797535989689,0.0,0.2181967914388938,0.0,750,0.0,0.0,0.19226813669737225
2,0.7212423767423896,0.0,0.0,0.5351913596739258,0.4102346911611466,0.0,0.5449660944535195,0.0,630,0.0,0.8,0.6845104505456835
2,0.3242158567754225,0.0,0.7704070377943895,0.0,0.0,0.7765761314205193,0.0,0.7989342718978767,650,0.0,0.6000000000000001,0.08900133014633563
2,0.0,0.0,0.3728483644382843,1.0,1.0,0.3626308701948986,1.0,0.35021561679262536,670,0.0,1.0,1.0
2,0.324117381989085,0.0,0.5439804039269189,0.5420251705577688,0.3973507933933743,0.539563799586956,0.2833227994327336,0.5513293126843415,690,0.0,0.8,0.0
2,0.7034362720677892,0.0,1.0,0.9547245833840076,0.6788094453608411,1.0,0.7369652310903081,1.0,710,0.0,0.3999999999999999,0.8870031228857319
2,0.5508250560913044,0.0,0.7388410177130496,0.12713381743559946,0.13875858060935958,0.7447423985205637,0.19685464554839305,0.7605623358180553,730,0.0,0.0,0.4333743245034898
2,1.0,0.0,0.8150148868619977,0.10680022765299002,0.13275377922465564,0.8222070505051011,0.2138243888583688,0.8379594497405165,750,0.0,0.0,0.3261964800049679
3,0.26255650788290724,0.0,1.0,0.0,0.0,1.0,0.0,1.0,630,0.0,0.5,0.15464699153076544
3,0.0,0.0,0.5189678891828384,0.2717475803872896,0.3182396175179412,0.5076191699740722,0.15407961517355684,0.5207209266540787,650,0.0,1.0,0.0
3,0.6391448780596374,0.0,0.4899741773666264,0.3351644087238385,0.3285688025317172,0.4935444426210465,0.4010036283247457,0.4925729086771495,670,0.0,0.5,0.6139188336991587
3,1.0,0.0,0.2187278209212291,0.26389348629960424,0.4428471914187795,0.2324376065140781,0.6614918399629129,0.2277632281848669,690,0.0,0.0,0.4124478781072105
3,0.582537100036972,0.0,0.13100718316127935,1.0000000000000002,0.9999999999999998,0.11831381698637775,1.0,0.09863748382564007,710,0.0,0.5,1.0
3,0.4989070256416264,0.0,0.0,0.6174489857078744,0.7051706867444938,0.0,0.7595840058811757,0.0,730,0.0,0.5,0.7725470852200255
3,0.5039014436569588,0.0,0.04140123088580161,0.6267955617326302,0.7020448831331985,0.04123675819897521,0.7620819193962521,0.0392219324761216,750,0.0,0.5,0.7379440757836028
4,0.9728636031247608,0.0,0.0,0.0,0.0,0.0,0.2465815226771544,0.0,630,0.0,0.5,0.4883246378299722
4,0.7891164618282875,0.0,0.04133371727646118,0.21469378375017012,0.3743346149963471,0.030575735103226087,0.4701336798308039,0.02128369257494,650,0.0,0.75,0.7191189773491626
4,0.2512056327779286,0.0,0.6682931337104154,0.09442306547400542,0.07257662712335901,0.7029930317572566,0.0441818588934576,0.7041612972918312,670,0.0,0.5,0.2290666294075997
4,0.0,0.0,1.0,1.0000000000000002,1.0,1.0,0.0,1.0,690,0.0,1.0,0.0
4,0.657561708932399,0.0,0.8282004858939098,0.4044010615134328,0.7098269901781323,0.8742907290659572,1.0,0.8353277685209486,710,0.0,0.5,0.9935202400592892
4,1.0,0.0,0.7114100972339346,0.06955698239860075,0.20479208712591115,0.7643862816999194,0.6169891521200261,0.7419136294659907,730,0.0,0.0,0.9718472741972634
4,0.8625973475554797,0.0,0.5589680961973276,0.4240336608836317,0.5416569262709886,0.588772208860572,0.8167025320991403,0.5600104038517877,750,0.0,0.25,1.0
5,0.7429016208389769,0.0,0.38584492845556895,0.0,0.0,0.5285297648650413,0.0,0.9238969667780881,630,0.0,1.0,0.11868876480022285
5,0.9309413524757292,0.0,1.0,1.0,1.0,1.0,1.0,1.0,650,0.0,0.5,1.0
5,0.8874608858735062,0.0,0.47796715419563895,0.6078660430239601,0.5965030876530115,0.4959566347495041,0.6339456107341394,0.4976865980526881,670,0.0,0.25,0.9498576071282642
5,0.0,0.0,0.11851068404550348,0.06532590389620996,0.015053288680400291,0.21108634293990747,0.0336023232581858,0.4493844623304568,690,0.0,0.0,0.17616729368341832
5,0.6920995305778337,0.0,0.2279877818881885,0.3169964338566357,0.2240452825192944,0.21195037928430333,0.06332228711983122,0.4328259655033335,710,0.0,0.75,0.0
5,0.9380763603605736,0.0,0.4801353767859951,0.16834116047147554,0.2243320532776895,0.6168912663359052,0.3076214767551209,0.8661856222525302,730,0.0,0.5,0.4016790254134436
5,0.9999999999999998,0.0,0.0,0.33210239316377177,0.2656067913477102,0.0,0.27949617502511226,0.0,750,0.0,0.5,0.35289104950562844
6,0.6865485866822302,0.0,0.0,0.5333240666412435,0.7764824310582084,0.0,0.6003085052033522,0.0,630,0.0,1.0,0.6881536505649235
6,1.0,0.0,1.0,0.200575566720812,0.3783204002266008,0.9999999999999982,0.5706077660844203,1.0,650,0.0,0.5,0.6949043520522693
6,0.030321443024161343,0.0,0.8127331332926993,0.4266714695241415,0.6193755842521413,0.7797083210673161,0.3170430673211597,0.8003452257162884,670,0.0,0.0,0.0
6,0.8697126844360229,0.0,0.6371202003914505,0.18476437962600256,0.19448647787398954,0.6435709540358818,0.354601054361118,0.6615488131898193,690,0.0,0.75,0.622922731190519
6,0.8877342178329726,0.0,0.6199586803582413,1.0,0.9903057081678146,0.6188524456272989,1.0,0.5856826658121399,710,0.0,0.625,1.0
6,0.0,0.0,0.030063274079269675,0.0,0.0,0.03941138085498075,0.0,0.08694692577351938,730,0.0,0.0,0.3288814210519679
6,0.6918654301643876,0.0,0.5036726898791137,0.5681281268320042,1.0,0.49775153301246,0.9085799700901946,0.4721203777979319,750,0.0,0.5,0.9558216146263404
7,0.8204068652756082,0.0,0.8369201695517035,1.0,1.0,0.8144525556853717,1.0,0.7870831506125882,630,0.0,0.5,1.0
7,1.0,0.0,1.0,0.4925830777022322,0.5291122419757145,1.0000000000000009,0.7308406489545612,1.0,650,0.0,0.0,0.9108911958101444
7,0.9567048004898976,0.0,0.4964539249597575,0.10260109546212408,0.21500848739805573,0.5037430570133603,0.4128943690435423,0.500717930552975,670,0.0,0.5,0.605132748712381
7,0.2617453183049915,0.0,0.4805931952692433,0.20085629265285407,0.4294047741555,0.4734538046087975,0.4720818588881308,0.4649297031677122,690,0.0,1.0,0.09734374665624072
7,0.9793922036596712,0.0,0.6279393067678001,0.07369453070713344,0.16954543938381672,0.6365337741292505,0.3770801068129779,0.6424925883563084,710,0.0,0.0,0.4534103496637616
7,0.9650879623945262,0.0,0.4006862026701263,0.17600303168133447,0.22371151698451625,0.4089961137298673,0.4372874786962264,0.3996393693844969,730,0.0,0.0,0.6811242469210096
7,0.0,0.0,0.0,0.0,0.0,0.0,0.0,0.0,750,0.0,0.75,0.0
8,0.4664327612837544,0.0,0.96075853003574,1.0,1.0,0.9489256011354481,1.0,0.92029614338139,630,0.0,0.0,1.0
8,0.7563695044788017,0.0,1.0,0.0236472842217832,0.2015926204242804,1.0,0.2894736927403466,1.0,650,0.0,0.0,0.2284332534311164
8,0.9607516247459622,0.0,0.10840512846959084,0.6259112671822565,0.4644574879411277,0.10801448460206586,0.4637172810895697,0.09128713888088312,670,0.0,0.5,0.4700374994104196
8,0.3568336885270842,0.0,0.12818497332874745,0.6650287473693862,0.42852722184163305,0.12276963348967394,0.2925631754433872,0.1129657176913641,690,0.0,0.0,0.44118867021233904
8,0.0,0.0,0.2051761237846224,0.0,0.02599486011203289,0.2088046432111046,0.022850694618475886,0.21060391543406087,710,0.0,0.0,0.018205590216635814
8,1.0,0.0,0.10376763183512416,0.07016222332020372,0.0,0.10847461712960982,0.0,0.11006916082877094,730,0.0,0.5,0.06700758393430872
8,0.7048614246222304,0.0,0.0,0.12517942366545487,0.11598190434010335,0.0,0.01005882134083036,0.0,750,0.0,1.0,0.0
9,0.936721065765298,0.0,0.9306718935162096,0.09436264762574434,0.1001035052884204,0.9327834353061668,0.1912719080528622,0.9131223126901276,630,0.0,0.0,0.3123481042165599
9,0.865407594587843,0.0,0.9197351581834,0.041892330447431535,0.08034865968068064,0.93146109700242,0.21263745627780006,0.9075009745693148,650,0.0,0.0,0.2886618984219456
9,1.0,0.0,0.2388333449004865,1.0,1.0,0.20597613442775664,1.0,0.010704641346221956,670,0.0,0.0,1.0
9,0.0,0.0,0.0,0.18475993706468227,0.1281213042550974,0.0,0.004200997066431983,0.0,690,0.0,1.0,0.0
9,0.4975689143808024,0.0,1.0,0.011462075945794488,0.02389005061518354,1.0,0.09938034978093964,1.0,710,0.0,0.0,0.09361861218454444
9,0.7547226093174768,0.0,0.616697648258433,0.0,0.0,0.6386536866422725,0.0935595092172849,0.6329383581499197,730,0.0,0.0,0.1313142920556319
9,0.3381366319879214,0.0,0.8024734705723846,0.14658523845028013,0.11609602445460035,0.7687776502605406,0.0,0.7842547875444943,750,0.0,0.75,0.03306320448725398
10,0.0,0.0,1.0,1.0,1.0,1.0,0.8448700689429793,1.0,630,0.0,1.0,0.5005196260499867
10,0.7982889439522256,0.0,0.9285124645663824,0.8092233450803517,0.5533753036031994,0.9385325324009736,0.7138771726918378,0.9428131206181556,650,0.0,0.3333333333333335,0.7206650148088136
10,0.6093981484283097,0.0,0.18508085217366246,0.7922979794539167,0.5094333634169916,0.17347901491416184,0.534950132441814,0.1843907834438064,670,0.0,0.6666666666666665,0.42590021895084335
10,0.33979421449101155,0.0,0.9599603855240044,0.019628724531790542,0.0,0.9674626996869824,0.0,0.9946523770356964,690,0.0,1.0,0.0
10,0.6354899078204026,0.0,0.1117882360527167,0.5896407044026262,0.6033198583500072,0.1028210064854136,0.7741959430985179,0.10612530983319599,710,0.0,0.3333333333333335,0.7229255169379978
10,0.961421266819538,0.0,0.0,0.0,0.37422069415141057,0.0,0.8806965785155114,0.0,730,0.0,0.0,1.0
10,1.0,0.0,0.1931801238370517,0.8475356571210879,0.8213711794006122,0.18561840376019934,1.0,0.18157054355895674,750,0.0,0.6666666666666665,0.4683406878739753
11,0.690679196967524,0.0,0.6017380271946511,0.5389599063223445,0.6294051858952145,0.6083792820130718,0.5563259565092296,0.5819796917497158,630,0.0,0.8571428571428571,0.2598076220415291
11,0.0,0.0,0.4693548213965499,1.0,1.0,0.4767862489152037,1.0,0.41534558786079495,650,0.0,1.0,1.0
11,0.2872536356274096,0.0,0.4192122598936781,0.0,0.0,0.4460937247434131,0.09802759453798246,0.4563298956195148,670,0.0,0.7142857142857142,0.35493346468722314
11,0.01568572422978809,0.0,0.3873824639560937,0.5279453615347671,0.4081121897777625,0.3999485418818587,0.3890097893286876,0.3871439301583042,690,0.0,0.5714285714285714,0.7361944442837416
11,1.0,0.0,1.0,0.5394186948138706,0.42682584148764097,1.0,0.21663661702767065,1.0,710,0.0,0.0,0.14675935412367147
11,0.95160576675766,0.0,0.11919839485915062,0.4941138256134432,0.2814285826821172,0.11115706907303567,0.0,0.1296720683322885,730,0.0,0.0,0.0
11,0.3299992188845776,0.0,0.0,0.4593501910110226,0.39201344653303577,0.0,0.2352012392678572,0.0,750,0.0,1.0,0.014736096215594463
12,0.8786407607538345,0.0,1.0,0.7235066240792061,0.3821787789785557,1.0,0.4046313168263627,1.0,630,0.0,0.4999999999999999,0.307572230006831
12,0.7816109938056077,0.0,0.8612929264604894,0.8309248992715554,0.9259009235890826,0.8493306493810415,0.7397556590708085,0.8228208319143739,650,0.0,0.6666666666666666,0.456869195304315
12,0.0,0.0,0.6389006498595968,0.12505592784117547,0.0,0.6378640078411593,0.0,0.6728600110311724,670,0.0,1.0,0.0
12,0.28935833833790314,0.0,0.390379530319958,0.0,0.2529982039719304,0.4183995334993078,0.5564071051179393,0.4092127182780132,690,0.0,0.0,0.2046787110103302
12,1.0,0.0,0.4899120952919666,1.0,1.0,0.4973195113066176,1.0,0.4515138434560164,710,0.0,0.16666666666666666,1.0000000000000002
12,0.9643580588090056,0.0,0.1920880960741904,0.5056015443301278,0.5035033093882885,0.2020170414771912,0.5416368521790211,0.1952234309400964,730,0.0,0.4999999999999999,0.4658617858171318
12,0.8276735118395981,0.0,0.0,0.6876362213550207,0.5843670787028225,0.0,0.4719554120751103,0.0,750,0.0,0.6666666666666666,0.3968057075498928
13,0.6740249454562531,0.0,1.0,0.5659182297267433,0.6921945632745844,1.0,0.8312734162370421,1.0,630,0.0,0.0,1.0
13,0.8375288588848201,0.0,0.8752760463357925,0.4119597028023905,0.31638636237747153,0.8710216239721227,0.28858794464064674,0.8966941618685036,650,0.0,0.25,0.3711708179104803
13,0.0,0.0,0.9435884352895894,0.3541654815095018,0.19257058528086834,0.9370394416274548,0.08924787818109486,0.9746450304177072,670,0.0,0.0,0.12776054030353265
13,0.0694549478430555,0.0,0.9397215936664018,0.0,0.0,0.9407916225021822,0.0,0.9831702368149172,690,0.0,1.0,0.07936427863515691
13,0.4041979594225645,0.0,0.8974757745085089,0.0843180664904924,0.06848341366005818,0.8978855454701113,0.07286192016414067,0.9354880068185852,710,0.0,0.25,0.0
13,0.9389968702626796,0.0,0.7166650229897593,1.0,1.0,0.7053948368354499,1.0,0.6900249514851193,730,0.0,0.25,0.9611085741788395
13,1.0,0.0,0.0,0.2301876951236348,0.3281345025644841,0.0,0.4112521567652694,0.0,750,0.0,0.5,0.3765009632429288
14,0.2616363150806213,0.0,0.06233466130263698,0.06368181639966886,0.018051228584942486,0.13886785816773894,0.0,0.2387369406975601,630,0.0,0.75,0.14695209512984025
14,0.0,0.0,0.4176697735461716,0.08517974819528062,0.0445537835975626,0.4639365468094066,0.0038440582511160564,0.5312729023187814,650,0.0,1.0,0.0
14,0.2773344176014039,0.0,0.3534898261978725,0.06991896387841331,0.04842473291059332,0.4083139753546949,0.042154909671243634,0.4767909425125256,670,0.0,1.0,0.15273784746008626
14,0.12380702333265026,0.0,0.0,1.0,1.0,0.0,1.0,0.0,690,0.0,0.0,1.0000000000000002
14,0.5758724487185045,0.0,0.2436190239034768,0.13876219295430695,0.05958117999068621,0.3043775883955533,0.04616128897422024,0.3826618157691142,710,0.0,0.75,0.1882842781560224
14,1.0,0.0,0.16400582093741534,0.0,0.0,0.2418073931740428,0.0370085020843442,0.3273091545592384,730,0.0,0.75,0.19215925593994115
14,0.211461906110896,0.0,0.9999999999999996,0.21013880901352425,0.14424259001226372,1.0,0.13069139816749947,1.0,750,0.0,0.75,0.2365445204070808
15,1.0,0.0,1.0,0.916253817910726,0.7827771878794978,1.0,0.4432283149503419,1.0,630,0.0,0.375,0.5080464505180343
15,0.8853909200696384,0.0,0.0,0.4531401166117808,0.21761370773477107,0.0,0.13960801710934945,0.0,650,0.0,1.0,0.3275543434450928
15,0.3331783772352705,0.0,0.15203100664071556,0.6323731576388782,0.31860755894880977,0.14672108884970214,0.0,0.1515533742579933,670,0.0,0.25,0.08418215124180525
15,0.4130470208185612,0.0,0.16827348787212948,0.059481363021029125,0.1238230085974299,0.19007566678285848,0.8000553686582098,0.17425971442843569,690,0.0,0.5,1.0
15,0.44211933480393417,0.0,0.15274019263148195,0.0,0.0,0.16565490366753188,0.3150022755760039,0.16237230007080686,710,0.0,0.0,0.0
15,0.8548717400402572,0.0,0.3841993851377677,1.0,1.0000000000000002,0.38578922431638496,1.0,0.3662859400373648,730,0.0,0.875,0.8824845011230924
15,0.0,0.0,0.5705801860523696,0.03761787315137699,0.2301202323107024,0.5849852782079363,0.4918372207857397,0.5804033173253842,750,0.0,0.875,0.03189357331724872
16,0.7970410483297503,0.0,0.30494860673061064,0.12970624973351474,0.2047609280662206,0.3098699366477469,0.8060836037059242,0.2914613956465533,630,0.0,0.6000000000000001,0.6940096149010968
16,0.973376554074488,0.0,0.9999999999999996,0.18528810792648892,0.13730672208914307,1.0,0.1815192474965357,0.9999999999999996,650,0.0,0.6000000000000001,0.3283419401382679
16,0.9452151665794624,0.0,0.938484034135286,0.3672251291396529,0.2977101590363905,0.9411084609028072,0.8472087556315182,0.9245032900875088,670,0.0,0.2,1.0
16,1.0,0.0,0.9263228793541772,0.6161756952793196,0.4475499441427857,0.9184207445822876,0.9253061554647692,0.8997971726808438,690,0.0,0.2,0.9997808125353704
16,0.28563551549352456,0.0,0.17570469381382958,0.05150934231488663,0.045377905095509985,0.17590223291630824,0.11165398429357354,0.17394499378435269,710,0.0,0.4000000000000001,0.1228357094890172
16,0.5574599524407597,0.0,0.16683859881929175,1.0,1.0,0.10999549804264852,1.0,0.08593559076952363,730,0.0,1.0,0.12412525873372104
16,0.0,0.0,0.0,0.0,0.0,0.0,0.0,0.0,750,0.0,0.0,0.0
17,0.8832176895856241,0.0,1.0,1.0,1.0,1.0,1.0,1.0,630,0.0,1.0,1.0
17,0.874141861854252,0.0,0.8045916530145512,0.9705631849398442,0.686875970544257,0.7960513348257097,0.5131663041413331,0.8133327537416832,650,0.0,1.0,0.5507265021566283
17,1.0000000000000002,0.0,0.736584860140038,0.6314843797001501,0.3921407392074615,0.7389160183603094,0.3583965189417284,0.7621619174424907,670,0.0,0.5,0.5845056708517196
17,0.9562661225277768,0.0,0.704737620933825,0.6486811549912257,0.6498825540601708,0.7082125282315391,0.6984169178446656,0.7088109411140584,690,0.0,1.0,0.790293819826934
17,0.9695671280067276,0.0,0.5078949297873612,0.6433991161160255,0.4228014776022209,0.5062907612343741,0.3765987622619797,0.5142136327941378,710,0.0,1.0,0.4894314486068467
17,0.4525752605247655,0.0,0.11604786251149335,0.6316840889215789,0.3447873900237021,0.10084453325524834,0.1300140483966652,0.0990625704220962,730,0.0,1.0,0.0
17,0.0,0.0,0.0,0.0,0.0,0.0,0.0,0.0,750,0.0,0.0,0.12082697717373385
18,0.5744419739830021,0.0,0.8160259244884678,0.36965056020834064,0.7215287272085111,0.8119980072471549,0.7924217500541586,0.7641920019137132,630,0.0,0.0,0.6128398550452185
18,0.0,0.0,1.0,0.0,0.21882354450463493,1.0,0.17621127314688412,1.0,650,0.0,1.0,0.0
18,1.0,0.0,0.3312981197661173,0.2477574606944553,0.0,0.33722855026914544,0.0,0.4012942488244953,670,0.0,0.0,0.31032935027839303
18,0.9083974288000198,0.0,0.0,0.5152964329182124,0.7204112306099388,0.0,0.8863588672398206,0.0,690,0.0,0.0,0.8495909718691965
18,0.8258059620383982,0.0,0.3950384228697139,0.6323525399021797,0.893012689546542,0.3786958328025456,0.9251906876628596,0.3482155758171004,710,0.0,0.5,0.8918086634346387
18,0.6241439959146566,0.0,0.3735137325375355,0.6085852654916708,0.3835260737839377,0.3343854335546794,0.0631280806987784,0.3923989847484499,730,0.0,0.5,0.04277350087805632
18,0.9223667827903062,0.0,0.5621932076381313,1.0,0.9999999999999998,0.5405420808879136,0.9999999999999998,0.4912698626337644,750,0.0,0.0,1.0000000000000002
19,1.0,0.0,1.0,0.199359419899517,0.1322892471810585,1.0,0.0,0.9999999999999996,630,0.0,0.5,0.0
19,0.5343789563997765,0.0,0.4399553749986067,1.0,1.0,0.4430325849108003,1.0,0.41143993454222505,650,0.0,0.0,1.0
19,0.7861686008740345,0.0,0.3604565061193874,0.8332539833723532,0.7220063104288212,0.3558007713739375,0.4909726568001898,0.3471513841335194,670,0.0,0.25,0.2270356749606364
19,0.8207464396296988,0.0,0.3947807084830632,0.6097577557829245,0.8844024523515313,0.3924296476412863,0.7350695627598743,0.3728744184303552,690,0.0,0.25,0.25469186209170713
19,0.6856996510194444,0.0,0.0,0.4133496350611871,0.6210094830750836,0.0,0.4417087878314839,0.0,710,0.0,1.0,0.6289347506913042
19,0.9686300764035364,0.0,0.14908234196548875,0.4534784244311355,0.6278601395220111,0.14532053398355949,0.3790637320198536,0.14525582617084387,730,0.0,0.75,0.08416396703613313
19,0.0,0.0,0.03934042872276145,0.0,0.0,0.05186448038211644,0.028242699924251657,0.06822922627769534,750,0.0,0.0,0.003831717567622017
1,1.0,0.0,0.8433850318410023,1.0,0.9844843494381088,0.8548398945389728,1.0,0.8300902737561948,630,1.0,0.0,1.0
1,0.9198179637159052,0.0,1.0,0.9290741330935824,0.9999999999999998,1.0,0.8600025921191847,1.0,650,1.0,0.25,0.3205624660623999
1,0.28762387322902416,0.0,0.4202107597480982,0.2336032733829586,0.160712872670552,0.4107686167228195,0.1478123744065441,0.4489097786068754,670,1.0,0.75,0.3906063977724515
1,0.9961579333780946,0.0,0.5134429988260081,0.11497112887744475,0.0,0.5526182964426098,0.4539992092689663,0.5669928858656093,690,1.0,0.0,0.7020807397984906
1,0.0,0.0,0.5238671238488202,0.3973805318101212,0.19051293862720567,0.4994177938568569,0.0,0.5594189543503809,710,1.0,1.0,0.0
1,0.9704869183380472,0.0,0.3190198389538246,0.4460734348933303,0.5808541130115188,0.34184379488528194,0.8791945987766463,0.29626008749633925,730,1.0,0.25,0.9642462734958792
1,0.6979184226377033,0.0,0.0,0.0,0.04912378394618622,0.0,0.2493227299579031,0.0,750,1.0,0.25,0.12208832147985645
2,0.4268864259995877,0.0,0.6136490235206855,0.8281123225818903,1.0000000000000002,0.6167375353884559,1.0,0.5867286393321924,630,1.0,0.625,1.0
2,0.7120022661722097,0.0,0.0,0.5599036532353634,0.21920328908942446,0.0,0.0,0.0,650,1.0,0.0,0.03186909513703623
2,1.0,0.0,0.11874957374766648,0.4074696560311323,0.3035169469747694,0.12583131974419448,0.318023160790156,0.11558361749668222,670,1.0,1.0,0.6584472375815491
2,0.052897100412694235,0.0,1.0,0.18705415411027976,0.05794933563911641,1.0,0.2767905358238795,1.0,690,1.0,0.375,0.8067108003997796
2,0.3320026838199012,0.0,0.9014526049319668,0.0,0.0,0.9081153760004774,0.37304110034209575,0.9037121267701947,710,1.0,0.75,0.5868112568714026
2,0.0,0.0,0.7527073686319179,0.4983277756181754,0.3589644532576661,0.7530350428901187,0.4383142616776326,0.7447165298485849,730,1.0,0.375,0.8512743307735179
2,0.3573607340389989,0.0,0.8550658809429432,0.9999999999999998,0.9264961483632844,0.8345511404765489,0.3787780502842548,0.8292034755733813,750,1.0,0.125,0.0
3,1.0,0.0,1.0000000000000009,0.0,0.0,1.0,0.0,1.0,630,1.0,0.0,0.5304901048231182
3,0.0,0.0,0.4942495382890142,0.4160575159405389,0.695175174831121,0.4820870478665258,0.3416599928562334,0.4854301652138026,650,1.0,0.9999999999999998,0.0
3,0.6525797402107837,0.0,0.15640844873900314,1.0,1.0,0.14799771695814098,0.9244275971845592,0.14662397364577107,670,1.0,0.6666666666666667,0.9263241263489028
3,0.9178256054146235,0.0,0.25693909578102314,0.12886065172189765,0.2993331910468717,0.2617431060645341,0.4993507132264226,0.2662746123744153,690,1.0,0.0,0.7764726018646311
3,0.7901105014769605,0.0,0.141015828366581,0.9144455166728412,0.7345701584511615,0.1358429968311201,0.6549353960075528,0.139811454366213,710,1.0,0.6666666666666667,0.8642957528035794
3,0.5138617956456868,0.0,0.0539713295254769,0.2975181536623074,0.2965584643558041,0.054703017091588535,0.2196443703878752,0.06846699499563336,730,1.0,0.9999999999999998,0.6009430857549771
3,0.7403044496512275,0.0,0.0,0.675532879583724,0.8097502571953612,0.0,1.0000000000000002,0.0,750,1.0,0.6666666666666667,1.0
4,0.0,0.0,0.2071686254171312,0.2191759750380374,0.1235198931911129,0.20298644771113986,0.0,0.2089107922182909,630,1.0,1.0,0.0
4,0.5516279477445956,0.0,0.17948982139281844,0.0,0.0,0.18339139720639208,0.09717975152984787,0.18585013495329414,650,1.0,0.25,0.2905051548789666
4,0.7743928046239816,0.0,0.0,0.09457892394068744,0.0943219035106927,0.0,0.09321083590725313,0.0,670,1.0,0.0,0.15733129961724332
4,1.0,0.0,1.0,0.398458635301438,0.4426284817362158,1.0,0.5234140636965663,1.0,690,1.0,0.25,0.4763798726569629
4,0.4941005084976433,0.0,0.9850886980799576,0.5015329531101286,0.6311795775162068,0.983100139143552,0.6949745430995613,0.9772317580060896,710,1.0,0.25,0.7857579426666297
4,0.6254536909122785,0.0,0.8052687815172797,1.0,0.9999999999999998,0.7984004361996601,1.0,0.7799151167038358,730,1.0,0.5,1.0
4,0.4742811382212756,0.0,0.7450617878703779,0.5674456469750381,0.4934899731612009,0.7386123929497419,0.38701709403297335,0.7393982258246146,750,1.0,0.5,0.22057888632934491
5,1.0000000000000002,0.0,0.5273704095927307,0.7648935091086891,1.0,0.5431072363152296,1.0,0.44365541434358136,630,1.0,0.16666666666666666,1.0
5,0.6245893439814647,0.0,1.0,0.2599448275072016,0.4070022916716611,1.0,0.22222166891742265,1.0,650,1.0,1.0,0.1825210771294168
5,0.5225428573342911,0.0,0.4407658073868106,0.0,0.0,0.4513629949969165,0.0,0.4695782765218226,670,1.0,0.0,0.0
5,0.0,0.0,0.3293725852358662,0.5426558554919576,0.4806848766832745,0.3238852576130924,0.3448449578332106,0.299134144478888,690,1.0,0.0,0.19652271664899115
5,0.10288443086162892,0.0,0.0,0.13117808318263868,0.12592721597317724,0.0,0.0960731335587448,0.0,710,1.0,0.0,0.06543364102429441
5,0.9236190940729848,0.0,0.26439512158025025,0.7630650924383107,0.6591472010975974,0.26258344528006106,0.5585832003474378,0.21146730371875572,730,1.0,0.3333333333333333,0.7144241928779398
5,0.873663137506552,0.0,0.20043386770788274,1.0,0.9406373664115619,0.16176200927554518,0.5263675956122036,0.11296690056747848,750,1.0,0.5,0.0022308141786044344
6,0.0,0.0,0.3044706613465813,0.4135123164480531,0.4395513801399215,0.2622815370675937,0.0,0.28069131472443765,630,1.0,0.0,0.0
6,0.9525228534983466,0.0,1.0,0.09646956501906284,0.19200372946317146,0.9999999999999982,0.3217976352114663,1.0000000000000018,650,1.0,0.8571428571428572,0.6668332286326198
6,0.7758960810726391,0.0,0.7897764116823183,1.0,1.0,0.7643045600878313,0.9576058478203208,0.6896867021337396,670,1.0,0.5714285714285714,0.730100472640716
6,0.9999999999999998,0.0,0.7134262611166841,0.6396010090040047,0.5421035278346702,0.7051578271878167,0.5631847142198794,0.6721906937851561,690,1.0,0.5714285714285714,0.8755249298776002
6,0.9620976188688936,0.0,0.6489729246483584,0.4054090491372423,0.8868286811883136,0.6466549933635815,1.0,0.5647595554001814,710,1.0,1.0,1.0
6,0.4220999596810329,0.0,0.0,0.264569377647653,0.27810189311080624,0.0,0.11456449167854632,0.0,730,1.0,0.7142857142857142,0.23829810870447304
6,0.6862888205583819,0.0,0.0007818207084184793,0.0,0.0,0.025457356888249905,0.022994122692528873,0.03601226375986677,750,1.0,0.2857142857142857,0.4982027095170824
7,0.5146622388223165,0.0,1.0,0.0,0.0,1.0,0.056019308714699706,1.0,630,1.0,0.33333333333333304,0.5060175345848993
7,0.5994168603480863,0.0,0.8911341742649359,1.0,1.0,0.8824545785687796,1.0,0.8250502116093017,650,1.0,0.0,1.0
7,0.2348143687942177,0.0,0.6487672618214404,0.13251707276623145,0.12533809696397796,0.6565633045924812,0.16455948802514975,0.6526296553701201,670,1.0,0.33333333333333304,0.589875559138674
7,0.11301849435972727,0.0,0.4987644310547008,0.2056080429121397,0.15648683239453592,0.4983249183358733,0.0,0.505842975419025,690,1.0,1.0,0.0
7,0.0,0.0,0.4943180978628714,0.38592661206609497,0.32653610470763805,0.4929901856888996,0.17629814536713015,0.4896530587371029,710,1.0,1.0,0.3909619753974827
7,1.0,0.0,0.4586961357810146,0.05238494057275411,0.06709784824791765,0.4692397970135626,0.05693331210875116,0.4734734785057971,730,1.0,1.0,0.5063478893216932
7,0.28281354368164346,0.0,0.0,0.8316473621473097,0.5139460921770233,0.0,0.1867766953595549,0.0,750,1.0,0.6666666666666665,0.4397528314061073
8,0.0,0.0,0.0,1.0,1.0,0.0,1.0,0.0,630,1.0,0.5555555555555556,0.8441463318386198
8,0.6227747434300349,0.0,0.9567483949502495,0.6342285999308741,0.3586213752304605,0.9576660762865732,0.10594327869221223,0.9558647090711698,650,1.0,1.0,0.4664264093140021
8,0.06588563437475843,0.0,0.9790030006437372,0.8903602196627259,0.6856420867038089,0.9850809008592324,0.6442516744152649,0.9672586942189804,670,1.0,0.4444444444444445,1.0
8,0.6273500091452978,0.0,1.0,0.3358783542476844,0.3004914738909313,0.9999999999999992,0.0,1.0,690,1.0,0.0,0.0
8,1.0,0.0,0.9367292562263421,0.4830998361444705,0.4544212766352101,0.9347258060820778,0.1172995893873464,0.933252487545861,710,1.0,0.8888888888888888,0.4256132026270808
8,0.9001648958990394,0.0,0.8943427467160658,0.5061278239433802,0.4619058080967319,0.8917952223254159,0.11620535406680856,0.8915686522553052,730,1.0,0.8888888888888888,0.1983246776038698
8,0.29676176150652833,0.0,0.7387279674478213,0.0,0.0,0.747666667339538,0.02700030359001973,0.7540479226006633,750,1.0,0.1111111111111111,0.5596314819195963
9,0.4701907502491569,0.0,0.9042440035282358,0.1254749006608919,0.1541277079199706,0.9305782865470392,0.5518018934337997,0.9348697848120808,630,1.0,0.0,0.7561886736980268
9,0.6671978491357681,0.0,0.5696273689978001,0.0411246067757638,0.016217109054335904,0.6008166275181921,0.0,0.6417194108966964,650,1.0,0.9999999999999998,0.27133831744688225
9,0.8856850269316929,0.0,0.0,1.0,1.0,0.0,1.0,0.0,670,1.0,0.857142857142857,0.0
9,0.5746465584353084,0.0,0.2600953209264354,0.0,0.0,0.3186611066035301,0.1499888474110817,0.35750645265204994,690,1.0,0.42857142857142855,0.4707692921543389
9,0.3872724878376533,0.0,0.9578563193322828,0.6381649811546111,0.39587006964071136,0.9708993009819356,0.8912530833449123,0.9561198091221428,710,1.0,0.42857142857142855,1.0
9,0.0,0.0,0.9818032839325159,0.04031858210144501,0.2101583628067723,1.0,0.6043084210168272,1.0,730,1.0,0.28571428571428564,0.3830724203063766
9,1.0,0.0,1.0,0.6767071285612174,0.5449144189692151,0.9707994184392436,0.4886982704967598,0.9776230376151408,750,1.0,0.9999999999999998,0.01038251176789623
10,0.20718956085616835,0.0,0.6887130821164948,0.040339261483756994,0.0,0.6948480926001235,0.19375769625010808,0.6924991419177688,630,1.0,0.0,0.3336802547690179
10,0.5251760502660743,0.0,1.0,0.0,0.0925557115688167,1.0,0.13754696136122807,1.0,650,1.0,1.0,0.1555294087838907
10,0.7273069837652287,0.0,0.08921320212636008,1.0,1.0,0.09516335329367376,1.0,0.0564540852291664,670,1.0,0.5,1.0
10,1.0,0.0,0.11722544365895615,0.5454637477187221,0.12065491156478793,0.11549678371893535,0.1149783944569686,0.11715141423657904,690,1.0,1.0,0.3341218989704196
10,0.0,0.0,0.07984229914842089,0.7797894333366132,0.3427137412602809,0.06461137395867489,0.0,0.07154773789019675,710,1.0,0.0,0.0
10,0.09953658987559284,0.0,0.0,0.3192576727371391,0.12213225700485307,0.0,0.153033696004096,0.0,730,1.0,0.0,0.2938727888866927
10,0.8913654878510224,0.0,0.10825646355469587,0.9674126032876744,0.5279672094479865,0.10366955420443613,0.3844467291469064,0.0930383060403317,750,1.0,0.875,0.3716398363920156
11,0.381956130877436,0.0,0.47614076237022296,0.2522807672955544,0.9999999999999998,0.4886320415453938,1.0,0.4592948918030633,630,1.0,0.20000000000000007,1.0
11,0.035373383081849334,0.0,1.0,1.0,0.7915385569834728,1.0,0.31054891239381105,1.0,650,1.0,0.4,0.7784344653452302
11,0.8145187722382938,0.0,0.30866526710262576,0.944480578595386,0.9100904007996,0.30325517968864624,0.4581722738945191,0.2906662586612612,670,1.0,0.8000000000000002,0.317891215966607
11,0.0,0.0,0.30838443216595124,0.4940597369804342,0.38411716711315536,0.3109749083598565,0.28092522657252983,0.3045990357622017,690,1.0,0.4,0.7601722135903224
11,0.024597044738033702,0.0,0.1563336776159936,0.0,0.2385168531914985,0.16549320644429774,0.4059492579404169,0.15323081126121174,710,1.0,0.4,0.4509924512738622
11,0.49147929553655295,0.0,0.026695627545599617,0.39682113331980295,0.869396087834789,0.01210245512061725,0.2448894529947105,0.003762874938532335,730,1.0,0.0,0.0
11,1.0000000000000002,0.0,0.0,0.05043610445410873,0.0,0.0,0.0,0.0,750,1.0,1.0,0.17983315805346167
12,1.0000000000000004,0.0,0.9371560808724552,0.9671704917641292,1.0,0.9253289774037334,1.0000000000000002,0.9174594548032609,630,1.0,0.6666666666666665,1.0
12,0.572015810443153,0.0,1.0,0.6109523577058092,0.7228667295633402,1.0,0.8274089669063363,1.0,650,1.0,0.0,0.7443476500811798
12,0.4025960721676798,0.0,0.8614133429646884,0.6478457051993373,0.4470635276644797,0.8578700272306747,0.19816026269201248,0.8812375606187217,670,1.0,0.0,0.0
12,0.38932830986111977,0.0,0.8885300644901584,0.0,0.0,0.9092104561104896,0.02400630608997912,0.9402103332438648,690,1.0,0.0,0.34544204782404675
12,0.0,0.0,0.5095399996958214,0.11589924153344044,0.3869711236105413,0.5303081476792322,0.5835055544269838,0.5340388021064157,710,1.0,1.0,0.5853466345109501
12,0.4072741982409718,0.0,0.1719731693354909,0.4488281537371436,0.29809311391703996,0.1805842927048289,0.0,0.20318383795621744,730,1.0,0.33333333333333304,0.08511829200884953
12,0.9115348625833062,0.0,0.0,1.0,0.7383509225496379,0.0,0.5065076088709544,0.0,750,1.0,0.33333333333333304,0.13732779470263914
13,0.3828450359278366,0.0,1.0,0.0,0.0,1.0,0.0,1.0,630,1.0,0.6666666666666667,0.0
13,0.6569550010236669,0.0,0.2393402956797548,0.14025501418354325,0.13092499975799166,0.2349677763971041,0.21459000318329247,0.22898012759215905,650,1.0,0.6666666666666667,0.9368134701831244
13,0.9823516240577193,0.0,0.49767360918997294,1.0,1.0,0.4016022607042711,1.0,0.2972264298118308,670,1.0,0.9999999999999998,0.536006300811668
13,1.0000000000000002,0.0,0.9101919021813956,0.13936048050873168,0.11396379802879128,0.9023100636478958,0.13969682506417716,0.8880924390174139,690,1.0,0.6666666666666667,0.3845811217360118
13,0.5347106580777496,0.0,0.9635882131845132,0.2276522785868137,0.2355281410314836,0.9472984892935834,0.2850709253237663,0.9145052427410604,710,1.0,0.9999999999999998,0.637530832344557
13,0.7880356567793196,0.0,0.8312256482949802,0.14269441772579272,0.1674747981925692,0.8221586911813663,0.22664560349520016,0.7995906082244701,730,1.0,0.6666666666666667,0.6181991680790737
13,0.0,0.0,0.0,0.06995006739666804,0.10785363367494186,0.0,0.21516739948113398,0.0,750,1.0,0.0,1.0
14,0.0,0.0,0.5969918089592596,0.0,0.0,0.599031966688035,0.0,0.6388492188902061,630,1.0,0.5,0.0
14,0.30176841334436305,0.0,0.5734161928923429,0.09754930981461568,0.009872018289505348,0.5787632823227189,0.07544019836778346,0.6141119760573339,650,1.0,1.0,0.34423852432584345
14,0.5121600651639369,0.0,0.7200489961024434,0.2230935377446846,0.10897305890038372,0.7211302116688247,0.09705871238702254,0.7594946367050301,670,1.0,0.5,0.22278896561388334
14,1.0000000000000002,0.0,0.0,0.8398401687677537,0.4856147279740201,0.0,0.4363778141673465,0.0,690,1.0,0.0,0.4918027969354722
14,0.9348978741898236,0.0,0.5769144649326021,1.0,0.5986961362994196,0.5775448820869067,0.5856167872637714,0.5866131778579433,710,1.0,0.0,0.5764197614776388
14,0.8760611534431497,0.0,0.9580716935976428,0.7598848789315598,0.3289776211529442,0.9543159425147124,0.2346115479179822,0.9923653204606941,730,1.0,0.0,0.2879166077212349
14,0.7412608513216816,0.0,1.0,0.8316130463217415,1.0,1.0000000000000004,1.0,1.0,750,1.0,1.0,1.0
15,0.08981427354631,0.0,0.0,1.0,1.0,0.0,1.0,0.0,630,1.0,0.8,1.0
15,0.4376982145195277,0.0,0.34622991810386416,0.0858655596160055,0.07496948210225474,0.34896258878393915,0.0,0.4115768928978607,650,1.0,1.0,0.0
15,1.0,0.0,0.3244303884353084,0.3567780707167985,0.21913814910754006,0.32007726285046445,0.08964500435753188,0.3769279368682614,670,1.0,0.0,0.17419446679561487
15,0.4085306192516318,0.0,0.7540521628451504,0.32515610016903485,0.2651355961189505,0.7439811574621071,0.1834980529240917,0.7662750386424424,690,1.0,1.0,0.2300408897277285
15,0.6560996751651139,0.0,0.6354658484614806,0.0,0.0,0.6586020270092554,0.204678649906348,0.6844677340235634,710,1.0,0.3999999999999999,0.4639552652375065
15,0.6346917780904515,0.0,0.7589860848467787,0.0935165880261628,0.1398300541971318,0.7745560138981435,0.31825733769237363,0.7835383132235858,730,1.0,0.3999999999999999,0.4100237718532439
15,0.0,0.0,1.0,0.29839753016433657,0.18490000469958545,1.0,0.25701675082008824,1.0,750,1.0,0.6000000000000001,0.3021122779855273
16,0.5402929904649267,0.0,0.9809412240112176,0.23023653423353496,0.2853872763371224,0.9782106330961496,0.34301370083134713,0.9730641135570699,630,1.0,0.8333333333333333,0.37108976483712
16,0.6837634574935095,0.0,0.9999999999999996,0.06015728760584416,0.0968107777062241,1.0,0.15608461129620382,0.9999999999999996,650,1.0,0.5,0.08802965196664597
16,0.0,0.0,0.9512616908929508,0.0,0.0,0.9506272307255648,0.0,0.955499024915658,670,1.0,0.0,0.0
16,0.0364543439198316,0.0,0.9255198525985304,1.0,1.0,0.9069901459485488,0.8588201393407424,0.8877368166038662,690,1.0,0.6666666666666665,0.2714410365323696
16,0.5023190984611231,0.0,0.3857197648770714,0.52508352196172,0.6534934151090269,0.3831366748714826,1.0,0.3643105062857317,710,1.0,0.5,1.0
16,0.7177329474821276,0.0,0.0,0.02140783982079397,0.17530088268118502,0.0,0.4541753345932541,0.0,730,1.0,0.3333333333333333,0.5427658389928305
16,1.0,0.0,0.6140586778407973,0.049078605767114085,0.2564768135252425,0.6086302620882451,0.2734113134115209,0.6086113509293072,750,1.0,1.0,0.028481573896351763
17,0.8971315269031761,0.0,0.9837591562163579,0.9435308488334346,1.0,0.9755422911294848,0.9107017711393348,0.9780742047797996,630,1.0,1.0,1.0
17,0.7178977439154187,0.0,1.0000000000000009,1.0,0.8600490390805949,1.0,1.0,1.0,650,1.0,0.6666666666666666,0.9650488762861232
17,0.984554457370772,0.0,0.9235471371755928,0.19622865878531007,0.1975365156646195,0.9201336159111112,0.2563405828134655,0.9460536215146806,670,1.0,0.8888888888888888,0.6618684323761357
17,0.7175223786027476,0.0,0.6322996216775962,0.0,0.0,0.6338471408742743,0.12277018392269527,0.6538038396154784,690,1.0,0.4444444444444444,0.685420572284464
17,0.0,0.0,0.5609003713867562,0.8066169587277718,0.4741741015813512,0.5481794757265428,0.17701713101095634,0.5626727433192551,710,1.0,0.0,0.0
17,1.0,0.0,0.2101031797209103,0.6742792144199905,0.42361422096080026,0.2133067204617616,0.4597872659391034,0.2036820681960858,730,1.0,0.5555555555555556,0.7972798648618731
17,0.4998499178591937,0.0,0.0,0.1774411339609514,0.08951417037532827,0.0,0.0,0.0,750,1.0,0.8888888888888888,0.4618872619349681
18,0.0,0.0,1.0000000000000018,0.5326943758199618,0.5255787930817499,1.0,0.6821394837142607,1.0,630,1.0,0.5,0.0
18,0.8016842933844665,0.0,0.484308480726984,0.9999999999999998,1.0,0.4531707855807099,1.0,0.4312945332961391,650,1.0,1.0,1.0
18,0.6214601137611391,0.0,0.2574405874504873,0.3061677052006036,0.4585293764775994,0.2728148025616957,0.8454411224128737,0.2589106899289,670,1.0,0.75,0.4742913743062711
18,1.0,0.0,0.4868313996489882,0.12825946571770308,0.0,0.5005967319860679,0.0,0.5375527781801424,690,1.0,0.0,0.5140499935621924
18,0.3610894335481635,0.0,0.0,0.5292535216487935,0.4543720950654008,0.0,0.5801347196967847,0.0,710,1.0,0.75,0.2898147982577671
18,0.7001324206261822,0.0,0.2786235954446994,0.6149059284584184,0.3915270224089749,0.2768863997727813,0.43223549387716265,0.28719940389824217,730,1.0,0.5,0.5833218231495995
18,0.8851515664388271,0.0,0.20605378250350093,0.0,0.003262152708049693,0.22832070531005225,0.15862687858091815,0.25436318787410883,750,1.0,0.5,0.4016674941598289
19,0.2976833979992765,0.0,1.0,0.0,0.0,1.0,0.11754872792986555,1.0,630,1.0,1.0,0.3763570229828521
19,0.8620172101255811,0.0,0.9859909077133332,1.0,0.9477934897513997,0.9575129486296028,0.7445297705037164,0.8994419143915806,650,1.0,0.33333333333333337,0.6273938469940933
19,0.7322798395616139,0.0,0.7891454935315991,0.12443057512950627,0.012466644441892605,0.7721242856494612,0.0,0.8017861052216109,670,1.0,0.8333333333333334,0.0
19,0.9777070809450148,0.0,0.8796856177992325,0.5742249745077305,0.3942664337241172,0.8807330664054032,0.5160274046622031,0.8511707495890004,690,1.0,0.33333333333333337,0.9447457991058508
19,1.0,0.0,0.028758373149736723,0.8422336366265623,1.0,0.007482463334373078,1.0,0.0,710,1.0,0.33333333333333337,0.9042029433903144
19,0.4207820492217629,0.0,0.0,0.04159223858977645,0.20695446292408687,0.0,0.4572841519286077,0.04630724125876462,730,1.0,0.33333333333333337,0.04082904348383923
19,0.0,0.0,0.1376912879204646,0.5383246658202964,0.6236976664014661,0.10696138215952722,0.5411432744098339,0.1365344132004278,750,1.0,0.0,1.0
1,0.0,1.0,0.0,0.0,0.0,0.0,0.0,0.0,630,0.0,0.0,0.2464251667070107
1,0.3340428213708371,1.0,0.9162245276577464,0.6661139770349416,0.5452098973525155,0.905734693403728,0.4009729121297774,0.9011251200980048,650,0.0,0.125,0.6065922441214859
1,0.1831383976644508,1.0,0.9304332198921321,0.8209952440868071,1.0,0.9066306283453348,0.7494196315512784,0.8842420549248349,670,0.0,0.25,0.3023418292960993
1,1.0,1.0,0.8869307098621579,0.8351940928160209,0.6914170942140699,0.8783663485152733,0.641365028576092,0.861000813618924,690,0.0,1.0,0.8658813785447811
1,0.2042882108786429,1.0,1.0,0.20682296470316208,0.35668855117480475,1.0,0.3430481197761435,1.0000000000000018,710,0.0,0.75,0.0
1,0.5332344107750611,1.0,0.911303995563296,1.0,0.7419912365820359,0.9174740748350328,1.0,0.8824786720247477,730,0.0,0.625,1.0000000000000002
1,0.2581862895848828,1.0,0.6718352727963381,0.6170058589726226,0.6290215649163522,0.6750855060231213,0.8223722667383826,0.6449149033085391,750,0.0,0.375,0.762266562198973
2,1.0,1.0,0.0,0.7400007075459134,0.6776979597876036,0.0,0.5068696583181866,0.0,630,0.0,0.5714285714285714,0.6394025737428302
2,0.5158466115692418,1.0,1.0,0.6476073239611653,0.5710102719112149,1.0,0.5839028968731186,1.0000000000000004,650,0.0,0.4285714285714285,0.7791902185955779
2,0.5832107996412232,1.0,0.054361556905139004,1.0000000000000002,1.0,0.056677533337596835,1.0,0.04686346994686863,670,0.0,0.4285714285714285,1.0
2,0.0,1.0,0.11062686276943534,0.4705615328153741,0.4072671287928304,0.1098756244926169,0.18356715102846072,0.1165372778766951,690,0.0,0.0,0.0
2,0.8628062246107588,1.0,0.8034532101660088,0.35437004773339703,0.3712641131085931,0.8072972620863594,0.5092984730455157,0.8084972014816021,710,0.0,0.5714285714285714,0.8028206249618497
2,0.8264787528961028,1.0,0.5885140944276109,0.5431891750589026,0.7915095357632089,0.5886944621066954,0.7621941305461486,0.584478294426467,730,0.0,0.4285714285714285,0.8520882493773541
2,0.7613041602657886,1.0,0.7010361444157969,0.0,0.0,0.703548475563653,0.0,0.7148143150203601,750,0.0,1.0,0.3387455590793965
3,0.7582725420044805,1.0,1.0,0.8260411470975401,0.5131651703295842,1.0,0.3631854522358321,1.0,630,0.0,0.0,0.4438653615282363
3,0.027108571351658232,1.0,0.9130192438315454,0.9283769342479196,0.5471746876753211,0.8972818753799094,0.1082044868228483,0.911568936244536,650,0.0,0.75,0.0
3,0.34841521581381546,1.0,0.38922328750220897,0.0,0.0,0.3914183994594209,0.0,0.41467064581894775,670,0.0,0.75,0.1988487863103039
3,1.0,1.0,0.11100890048158618,1.0,1.0,0.11812295526844264,1.0,0.08958833886828366,690,0.0,0.0,1.0
3,0.0,1.0,0.06056281333585645,0.4643287615718644,0.446377541146036,0.051039754238533235,0.20486276963511632,0.06546828526113835,710,0.0,1.0,0.15082147625708026
3,0.5509228580475432,1.0,0.0,0.5098016149543919,0.5522730985553892,0.0,0.4805306533823934,0.0,730,0.0,0.0,0.6106226876299119
3,0.4828842966090312,1.0,0.17028536185980592,0.8166696531421055,0.8571719688500243,0.1699884031127894,0.7309577485629375,0.1555226446506861,750,0.0,0.5,0.6654859453334159
4,0.7042262485342714,1.0,0.0,0.0032895073059504426,0.0131734070743183,0.0,0.09227456527660807,0.0,630,0.0,0.30000000000000004,0.8436619996587098
4,0.576293334921523,1.0,0.09801828209497243,0.10363837532151082,0.1187966753802631,0.09896001115080466,0.24140886571747355,0.0955815514491034,650,0.0,0.2,0.6904034521239416
4,0.9751274994391748,1.0,0.21107289761088754,0.04181491344481621,0.03852346645889436,0.2497462934034003,0.11823333279797145,0.261181936607235,670,0.0,0.9,1.0
4,0.5382185892946221,1.0,1.0,1.0,1.0,1.0,1.0,1.0,690,0.0,0.9,0.0
4,0.2685953033755595,1.0,0.5979008081606585,0.04609618830977133,0.09006621491170398,0.7097416252669628,0.23256220823173834,0.7384507705137286,710,0.0,1.0,0.5465888218053094
4,1.0,1.0,0.2849357695397394,0.011231773921027866,0.019820066597684163,0.34802060432063353,0.19556364624519929,0.3601327724270185,730,0.0,0.7000000000000001,0.958700848295362
4,0.0,1.0,0.12391738200946813,0.0,0.0,0.14810514738414238,0.0,0.1610202794850899,750,0.0,0.0,0.6195075295431957
5,0.4284954176652348,1.0,0.9858363056689754,0.0,0.0,1.0,0.0,1.0,630,0.0,0.5,0.2287510776322001
5,1.0,1.0,1.0,1.0,1.0,0.8849325637576726,1.0,0.5745867464178218,650,0.0,0.5,1.0
5,0.8294011179255301,1.0,0.07136666841234529,0.21076281534115127,0.2853753856916261,0.1254835458393586,0.35375509411012745,0.01940017134440097,670,0.0,0.25,0.6319631893507004
5,0.0,1.0,0.0,0.2595970706717554,0.17741560000498896,0.0,0.01428664964719051,0.0,690,0.0,0.0,0.25712558946298125
5,0.8043373082195298,1.0,0.7106093522953429,0.12815136613436295,0.2145163044183585,0.6770790776109905,0.09672357112433833,0.6484460186019234,710,0.0,1.0,0.057597631449170635
5,0.8809283287395024,1.0,0.9379409147890884,0.060390072497950815,0.16829597641382005,0.932399766085858,0.1651163963221673,0.8813724238786449,730,0.0,1.0,0.2374448156781864
5,0.8128073227867376,1.0,0.6084957336703667,0.19696985802511824,0.24243564476845786,0.5720444250257231,0.1070127431832903,0.5406793761579323,750,0.0,0.75,0.0
6,1.0,1.0,1.0,1.0,1.0,1.0,1.0,1.0,630,0.0,0.4444444444444444,1.0
6,0.7592638976338544,1.0,0.5485081171634558,0.2466219765367297,0.4639559983971705,0.5625567770742617,0.8114543878146453,0.559449477116905,650,0.0,0.5555555555555556,0.6987844254145222
6,0.0,1.0,0.09359078809815458,0.26867451849817003,0.30266398041969433,0.0896067876144011,0.0,0.0981639491312878,670,0.0,0.0,0.0
6,0.8479923181860195,1.0,0.0,0.310617751651619,0.34055141244548515,0.0,0.2817077397967335,0.0,690,0.0,1.0,0.5728907636259621
6,0.6348023111919705,1.0,0.2035974414014312,0.15851565364368053,0.2814923482075904,0.21424867200321973,0.5074002591553585,0.2124733206389964,710,0.0,0.5555555555555556,0.5768321870634423
6,0.3292296002017985,1.0,0.0762729591259168,0.2883949584486646,0.5179617700519551,0.075743692683929,0.550732871337077,0.07043690172611239,730,0.0,0.0,0.21643137149738706
6,0.9098532532421679,1.0,0.0938773652787548,0.0,0.0,0.10951941005387232,0.2456846588529774,0.11235530027920416,750,0.0,0.4444444444444444,0.5231535430402663
7,0.0,1.0,0.5394424038461079,0.1454171409486555,0.21300935414087252,0.5754566566426861,0.20064973395595434,0.6098392022117451,630,0.0,0.1111111111111111,0.03898924425381867
7,0.47656122750462504,1.0,1.0000000000000018,1.0,1.0,1.0,1.0,1.0,650,0.0,0.6666666666666665,0.4733610808946773
7,0.016872352090988342,1.0,0.0,0.4795625275185427,0.4070592811468329,0.0,0.09243972777293748,0.0,670,0.0,1.0,0.0
7,0.7278161082373442,1.0,0.08701465584476509,0.2891537989323281,0.5082636939152505,0.1200317173043377,0.6808210779462184,0.08021892288920895,690,0.0,0.5555555555555556,0.5270647676489667
7,0.4077289096471788,1.0,0.6055465644847207,0.0,0.0,0.6535607765259712,0.0,0.7104913037259664,710,0.0,0.3333333333333333,0.3044150347820137
7,1.0,1.0,0.4266724812177074,0.4909679114934432,0.3869306926889178,0.4608038286455312,0.471128506897217,0.464085413798621,730,0.0,0.4444444444444445,1.0
7,0.1310822632560646,1.0,0.16382324000875315,0.20822683770973754,0.3534634264003221,0.19807988587539604,0.4360915334981462,0.184471212079508,750,0.0,0.0,0.010975993780111687
8,0.7191559807026771,1.0,0.9684225406318796,0.7014005216525351,0.7254115286872785,0.9750583982944008,0.746863593013744,0.9683736596898314,630,0.0,0.2857142857142857,0.9530877185582236
8,0.241006907179721,1.0,0.9478642353664996,0.05416457183997317,0.01687078652981014,0.9595281051440968,0.057413553572587275,0.9698937703253478,650,0.0,0.2857142857142857,0.1372062143982572
8,1.0,1.0,0.9340523840002936,1.0,1.0,0.9382379721377913,1.0,0.924915731601406,670,0.0,0.4285714285714285,1.0
8,0.273081499903552,1.0,1.0000000000000004,0.7445505738540635,0.7364355425129255,1.0,0.4876043442888755,1.0,690,0.0,0.14285714285714285,0.3086664814895553
8,0.7232697195979909,1.0,0.2502211793927316,0.0,0.0,0.2597351362120559,0.05205713763271072,0.2640246662024244,710,0.0,0.5714285714285714,0.010484668397967523
8,0.0,1.0,0.1707943779060872,0.09571499143480253,0.09320444599265484,0.17581983788288902,0.0,0.18066253967253632,730,0.0,0.0,0.0
8,0.2391277649883448,1.0,0.0,0.38833948467088863,0.3382218523081548,0.0,0.13166894503223825,0.0,750,0.0,1.0,0.28984889472660963
9,0.39455612810150176,1.0,0.4989816529716329,0.0,0.0,0.6103080773233316,0.004417851204673633,0.6389951413932717,630,0.0,0.0,0.24044921695418506
9,0.6191138190076121,1.0,0.5177367538898601,0.07497849886035203,0.040069874818100745,0.6095106236136639,0.0008016568778436081,0.6394177930459914,650,0.0,1.0,0.2932112660773309
9,1.0,1.0,0.3605893763673809,1.0,1.0,0.3907524921605212,1.0,0.0979268220463574,670,0.0,0.6000000000000001,1.0
9,0.12567202980718795,1.0,0.0,0.4291848439487837,0.4458971941049306,0.0,0.15190989542259306,0.0,690,0.0,0.2,0.0
9,0.0,1.0,0.5344483650175818,0.028143175844382515,0.04972295889006592,0.6208090577051646,0.0,0.6506104644380706,710,0.0,0.0,0.15255817943859334
9,0.4666923188874213,1.0,0.7039680637371006,0.05081558843029055,0.05836698746239079,0.7898247384491981,0.038984297145621856,0.8012131217695266,730,0.0,0.8,0.23966336923861656
9,0.4278583882033328,1.0,1.0,0.253250893225106,0.22811490862240064,1.0,0.0526054380609725,1.0,750,0.0,1.0,0.2442268242657446
10,0.32396561547574043,1.0,0.9999999999999996,0.0,0.0,1.0,0.10516012455399626,1.0,630,0.0,0.0,0.5988892545700096
10,0.6768213020355939,1.0,0.9284364594939776,1.0,1.0,0.9069079992370924,0.5624307510355541,0.8985934577888148,650,0.0,0.7777777777777777,0.0
10,0.4611552022807047,1.0,0.1092240455024336,0.3001958488566853,0.4775809468981874,0.11269099517830795,1.0,0.09512270328487826,670,0.0,0.6666666666666666,1.0
10,1.0,1.0,0.9422264718029814,0.9673671481730016,0.6017428487162819,0.9291787201940788,0.3734132465099636,0.9242712539547382,690,0.0,0.3333333333333333,0.762892011258768
10,0.8288072547053363,1.0,0.07103500172782963,0.21691637701495906,0.1317301124373254,0.06710975989676228,0.0,0.06726598926112093,710,0.0,0.8888888888888888,0.5249236413987137
10,0.7771918328245391,1.0,0.0,0.15220088667988674,0.005908543956571366,0.0,0.0018389353375568573,0.0,730,0.0,0.3333333333333333,0.7206119917018899
10,0.0,1.0,0.1102823077259356,0.3020124966309513,0.3513362499799713,0.1017409639589828,0.11292547693471727,0.0999498932513454,750,0.0,1.0,0.3194690109329356
11,0.0,1.0,0.0,0.0,0.0963114507195808,0.0,1.0,0.0,630,0.0,1.0,1.0
11,0.5659123989770893,1.0,0.053401422856994785,1.0,0.6765722718141232,0.014620435891298909,0.06307266541309164,0.034669112648769485,650,0.0,0.0,0.1959322655416764
11,0.522336328307049,1.0,0.1534686199071853,0.2064042674668493,0.11885416760960775,0.1379291584341864,0.20214550933890552,0.1522743072003898,670,0.0,0.25,0.1967016727423048
11,0.41457263490171936,1.0,0.240848088676346,0.1976924717073824,0.11231936008979804,0.2315326237479809,0.39763562581321815,0.2395935912051997,690,0.0,0.25,0.15591537475023265
11,0.4125617606177656,1.0,1.0,0.3209683575938459,0.0,1.0,0.0,1.0,710,0.0,0.0,0.16345547022864404
11,1.0,1.0,0.4328042329177606,0.1587078089303965,0.6209401866103827,0.4217617337970197,0.9038921101710472,0.4146828225780137,730,0.0,0.5,0.2493627892517433
11,0.6194599772028261,1.0,0.41699528029025146,0.4553050740333824,1.0000000000000002,0.3924806778017231,0.8691681936213587,0.38679307679327657,750,0.0,0.5,0.0
12,0.0,1.0,0.0,0.0,0.024829610014157788,0.0,0.059949891197542036,0.0,630,0.0,0.0,0.0
12,0.7554295265766049,1.0,0.9693272839336232,1.0,0.9999999999999998,0.7728199488291878,0.3695162213983556,0.8428323096885109,650,0.0,1.0,0.3382806356454389
12,0.4145896869020698,1.0,1.0,0.281502338094651,0.5496795131350667,1.0,1.0,1.0,670,0.0,0.4444444444444444,1.0
12,0.7465658353371716,1.0,0.719074589776703,0.31791622765299954,0.5070392005799831,0.7233741323910792,0.9348212374330248,0.6906514404730615,690,0.0,0.6666666666666666,0.8199043892764063
12,0.03132406703153478,1.0,0.9688412299911988,0.30601404064929305,0.5459493183479107,0.9529806040632848,0.8817366829481936,0.9654176839759856,710,0.0,0.3333333333333333,0.8467980032614519
12,0.5092987340798831,1.0,0.9226821225039146,0.5372716150622409,0.7820511278077421,0.8383652927372154,0.7867722484947701,0.8486563246911203,730,0.0,1.0,0.7730639849566221
12,1.0,1.0,0.526136092662405,0.035017975580761224,0.0,0.5162060847431462,0.0,0.6077610942577891,750,0.0,0.8888888888888888,0.17176984266768142
13,0.6088641588353768,1.0,0.9084005705932128,0.2932844863070998,0.3243740507503245,0.9179306821168152,0.3703958368693841,0.9137814721354588,630,0.0,0.7777777777777777,0.464490353579609
13,0.2348590765038621,1.0,0.316597701117362,0.03778468508838362,0.09750508958212424,0.3177976018343811,0.06522998188959478,0.31936918161862304,650,0.0,0.2222222222222222,0.3438062665814859
13,0.19670853257236692,1.0,0.945402910576943,0.20739964233995312,0.0,0.9547237305552464,0.025508842603472748,0.9576848382592592,670,0.0,0.1111111111111111,0.33410060691081905
13,0.15220977891493706,1.0,0.9999999999999998,1.0,0.6501581051634959,1.0,0.17180123846199474,1.0000000000000002,690,0.0,0.1111111111111111,0.0
13,0.0,1.0,0.9726714915547868,0.4557241242431762,0.42497882333774895,0.9733225998554204,0.0,0.9768239272527884,710,0.0,0.0,0.05590802107983417
13,1.0,1.0,0.8922314038496693,0.6175610457026581,1.0,0.9010556028898972,1.0,0.8839715992827022,730,0.0,0.2222222222222222,1.0
13,0.4728573596258672,1.0,0.0,0.0,0.04525234731684469,0.0,0.1278492965631804,0.0,750,0.0,1.0,0.47684277236279904
14,0.03466662016063443,1.0,0.4531666880409002,0.013450643774899771,0.0,0.5350731556717716,0.0067501286658329645,0.6142719899278744,630,0.0,0.8,0.02497414300237849
14,0.0,1.0,0.09833540388276862,0.04164673920483152,0.01750725703349787,0.22915882668363485,0.0,0.3535085891014096,650,0.0,1.0,0.0
14,0.2666010882191522,1.0,0.6764532642360264,0.030385498571658964,0.0035627171216433546,0.7232568729202735,0.0141510766148686,0.7741697854050278,670,0.0,0.6000000000000001,0.05541851088216938
14,1.0,1.0,0.0,1.0,1.0,0.0,1.0,0.0,690,0.0,0.0,1.0
14,0.6668614899199095,1.0,1.0,0.037017381150878166,0.02911244901736,0.9999999999999996,0.08422815014758704,1.0,710,0.0,0.3999999999999999,0.10162150995174683
14,0.22567192670842234,1.0,0.6614904715828605,0.0,0.01434410634559742,0.7142790421147374,0.05355524221096912,0.7602845643469389,730,0.0,0.8,0.07715823599010144
14,0.11811807795168693,1.0,0.9339575934569879,0.09503629931064524,0.04585271568042089,0.9286784535049644,0.029390819728344283,0.9475874688631664,750,0.0,0.8,0.03861041977904209
15,0.4749009834271917,1.0,0.7530551886954608,0.0,0.0,0.7613872897216947,0.013206857115391936,0.7848839981639486,630,0.0,0.2222222222222222,0.5187964063756247
15,1.0,1.0,0.0,0.4056991621408834,0.7593046185601446,0.0,1.0,0.0,650,0.0,0.7777777777777777,1.0
15,0.43078477339406507,1.0,0.2514895278740834,0.35574431019947994,0.3478400322505404,0.2384342769319457,0.10468989997861694,0.2684510928390278,670,0.0,0.2222222222222222,0.4729019782805242
15,0.8922156320207038,1.0,0.3053565771135105,0.2793852298779565,0.5563997317609395,0.3101609748060969,0.7449920621024744,0.31405242926736143,690,0.0,0.4444444444444444,0.8643864839685687
15,0.0,1.0,0.3036191894833351,1.0,1.0,0.2608903862973833,0.0,0.2945214150381581,710,0.0,0.0,0.0
15,0.41179426160838395,1.0,0.8387230347312347,0.4075676271297307,0.6699672679492563,0.8300520067187112,0.230262972036134,0.8438396809694027,730,0.0,1.0,0.4551951410898082
15,0.3190344202306633,1.0,1.0,0.2636370053263896,0.8049035856482127,0.9999999999999982,0.502460757286159,1.0,750,0.0,0.7777777777777777,0.060923638611752325
16,0.5308742932363167,1.0,0.3917711367958279,0.2606951909291677,0.34310865233199866,0.3903972550006332,0.193315227991548,0.3919551290781338,630,0.0,1.0,0.07945321144130213
16,0.2282485166447202,1.0,1.0,0.0,0.0,0.9999999999999996,0.0,1.0,650,0.0,0.0,0.34919047979934315
16,1.0000000000000002,1.0,0.9854586275574606,0.1747392268868654,0.3145690594992732,0.9878770969123948,0.6546543676053721,0.9748325393605236,670,0.0,0.75,1.0
16,0.5680183070844761,1.0,0.9806460188019144,0.6151521375179119,0.8342866339022168,0.9719226305822444,1.0,0.9520820954335854,690,0.0,0.625,0.8767875593596557
16,0.07119879885961299,1.0,0.13404667513090018,0.7205308811357696,0.671130783761873,0.13035919650083594,0.5052432559156727,0.12797137842773856,710,0.0,0.25,0.20514981739288468
16,0.6191774915979367,1.0,0.015122833971815462,1.0,0.9999999999999998,0.0,0.4443146663718533,0.0,730,0.0,1.0,0.17045780989052822
16,0.0,1.0,0.0,0.11280049802542573,0.23933197528730704,0.006261893811128515,0.1772370516553697,0.011571898561794304,750,0.0,0.0,0.0
17,0.9042029558798096,1.0,1.0,0.2272743800329462,0.25717599186105955,1.0,0.374702900110299,1.0,630,0.0,0.6666666666666667,0.3673854445968357
17,0.13787070202097462,1.0,0.6424850266208946,1.0,1.0,0.6063612541918495,1.0,0.5217895089418043,650,0.0,0.3333333333333333,1.0
17,0.04441673598980733,1.0,0.7537306764553762,0.3896009833158261,0.4691262085928716,0.751872484750308,0.6384207171514185,0.7139284471479623,670,0.0,0.0,0.7045733929003845
17,0.2478101003911153,1.0,0.8595462288464102,0.09838163938396373,0.005862670670155445,0.8506593407370922,0.0,0.890659902627327,690,0.0,0.6666666666666667,0.0
17,1.0,1.0,0.8199245421368548,0.8824374908087868,0.8391887755228797,0.7876030764009059,0.821539993264145,0.7290779243215351,710,0.0,0.6666666666666667,0.6854716406767769
17,0.8275411993887154,1.0,0.11176784731295444,0.06000381867273408,0.06318009739095876,0.10947579928611262,0.1879645691061688,0.10678888263849018,730,0.0,0.9999999999999998,0.3014545532150451
17,0.0,1.0,0.0,0.0,0.0,0.0,0.13939500942851885,0.0,750,0.0,0.3333333333333333,0.12026757188171985
18,0.7492033589030924,1.0,0.5016260887555148,1.0,1.0,0.4901176830382674,1.0,0.4454769254366156,630,0.0,0.0,0.4847005266207234
18,0.0,1.0,0.0,0.3851887959683804,0.3520135872070893,0.0,0.011312564571376194,0.0,650,0.0,1.0,0.0
18,0.8223362848249235,1.0,0.7344236033013285,0.3445005612661578,0.2816703739637676,0.7446857635030835,0.4907108210793089,0.7429797251204153,670,0.0,0.0,0.7497074747414043
18,0.05519462567401867,1.0,0.7946001928815516,0.0,0.0,0.7963818447942934,0.0,0.8284314230756582,690,0.0,0.5,0.3332195987746514
18,1.0,1.0,0.5396716427002151,0.17623799824732722,0.2979308651935839,0.5665336867936652,0.6709174372307726,0.5461720069472751,710,0.0,0.0,1.0
18,0.8785404097831353,1.0,0.5630838122410626,0.04461547895803286,0.051686585998588885,0.5972443843565696,0.4621057161438577,0.5915893263144499,730,0.0,0.0,0.790325713355677
18,0.7269630589575841,1.0,1.0000000000000018,0.44868009720921376,0.38703587067011735,1.0,0.6196334498578452,0.9999999999999982,750,0.0,0.5,0.9029014739615058
19,0.5557702651381964,1.0,1.0,0.14078839691430406,0.2459735535476805,0.9999999999999996,0.0,1.0000000000000004,630,0.0,1.0,0.0
19,0.10740860942766443,1.0,0.6410281871593879,1.0,1.0,0.6458354217394437,1.0,0.6083996284011302,650,0.0,0.5,1.0
19,0.5779626111373511,1.0,0.6493270913321183,0.8630529922315571,0.7117798482982514,0.6441499467628202,0.4906569973510927,0.6306168990017498,670,0.0,0.6000000000000001,0.4480247926630538
19,1.0,1.0,0.6899971897828578,0.3676929375886752,0.5522090817204255,0.6927377712828418,0.4762769466121476,0.6785880352702551,690,0.0,0.6000000000000001,0.5211384199823373
19,0.7575581043547208,1.0,0.017566180416306754,0.6187428659525044,0.8340520236499529,0.007029824694755328,0.7130199296084039,0.0,710,0.0,0.4,0.9258056004562141
19,0.8529508304285751,1.0,0.10455020534641203,0.12746703637551865,0.3418307396125996,0.0991962067536587,0.28138770918252576,0.10993684344409793,730,0.0,0.0,0.25929544018278594
19,0.0,1.0,0.0,0.0,0.0,0.0,0.07211393958335577,0.02317734485005829,750,0.0,0.5,0.377428437920234
1,0.8657165345423805,1.0,0.011996504876773171,1.0,1.0,0.011419595331243926,1.0,0.0,630,1.0,0.3999999999999999,1.0
1,0.9455326438798456,1.0,0.0,0.3397832221990969,0.4108380806587079,0.0,0.3654213934732669,0.08915949306515003,650,1.0,1.0,0.33822543323998905
1,1.0,1.0,0.9152239211271436,0.3771978671264397,0.4890724195227086,0.9050418906698569,0.5146008276727836,0.8606195682716464,670,1.0,0.6000000000000001,0.4297262304421589
1,0.8290627661795958,1.0,0.9849188867595372,0.25126923785479777,0.22407609082232213,0.9693260507595164,0.20732099722766453,0.9651011405535319,690,1.0,0.6000000000000001,0.184266305241004
1,0.0,1.0,0.9338454178914936,0.0,0.0,0.9256313591159184,0.0,0.9591352271400186,710,1.0,0.0,0.0
1,0.9784045570165932,1.0,1.0,0.0274532266806301,0.0939197256535884,1.0,0.15638198516616905,1.0,730,1.0,0.6000000000000001,0.2305129411578631
1,0.884284758775898,1.0,0.8604460669629894,0.12716913071297353,0.11273160556695193,0.8642707475172777,0.17959701280658694,0.8771784785588963,750,1.0,0.3999999999999999,0.2459149969373795
2,0.9971107585240284,1.0,0.6091405237307779,0.9986811748620904,0.8948979622879909,0.6009678405618593,0.27111580073892044,0.6039181100811155,630,1.0,1.0,0.0
2,0.0,1.0,0.0,0.0,0.0,0.0,0.13546887315091055,0.0,650,1.0,0.5,0.7594305061105147
2,0.5784335660193227,1.0,0.16803408399749742,0.8498067153205192,1.0,0.16462838585550732,1.0,0.15619818443759215,670,1.0,0.75,1.0
2,1.0,1.0,0.8635989245690392,0.2510211073190347,0.4100805866026072,0.8652301039279091,0.4589388737433481,0.8680464896939188,690,1.0,0.0,0.4447842270356406
2,0.4883387540524324,1.0,0.7654989195844757,0.22623319155136656,0.1398360203706036,0.7673407643483154,0.1814433721775557,0.7725283806841095,710,1.0,0.25,0.619854757520575
2,0.6033438575514266,1.0,0.5880427878568155,1.0,0.6456850795146151,0.5801900633802928,0.0,0.5860132291173707,730,1.0,1.0,0.056544802570639714
2,0.005116722878299229,1.0,1.0,0.6756909724956098,0.8479712476750807,1.0000000000000002,0.8008408756573155,1.0,750,1.0,0.25,0.4060546324540241
3,0.0,1.0,1.0,0.4402967867384072,0.5352665483501087,1.0,0.08444513424587541,0.9999999999999992,630,1.0,0.5,0.0
3,1.0,1.0,0.7456105635751121,0.0,0.0,0.7618273474740641,0.14272771421992606,0.7638222400183778,650,1.0,0.5,0.6364088295370453
3,0.9072071280828792,1.0,0.4425318382888683,0.5130535355448269,0.5472148507826322,0.4478800433560455,0.5892000146522025,0.44415019272415535,670,1.0,0.5,0.7929517166719197
3,0.9863248389601538,1.0,0.1642927960977385,1.0,1.0,0.1613090596639184,1.0,0.15227998175909718,690,1.0,0.0,0.9591207002932784
3,0.9452027835622036,1.0,0.0589320025087714,0.4702432636178509,0.5465826831848309,0.06008286119290762,0.5801647947296644,0.06195007594791858,710,1.0,0.0,0.8356176641033906
3,0.969365488895298,1.0,0.0,0.4694658379287139,0.6465363170688905,0.0,0.6997514498747708,0.0,730,1.0,1.0,1.0
3,0.6862053069490396,1.0,0.015430456027343276,0.36179272741945057,0.17679414093797852,0.014947495012250124,0.0,0.030554553794089227,750,1.0,0.5,0.5137827440431398
4,0.0,1.0,0.0,0.6267086833131486,0.4862081428409598,0.0,0.2678505932098081,0.0,630,1.0,1.0,0.449883545108404
4,0.4806638443787912,1.0,0.23403139352630786,0.3853523270515141,0.25282547789854204,0.2331648934882873,0.02839828211599782,0.2380001775016174,650,1.0,0.0,0.0
4,0.4005898191501275,1.0,0.1377859670294872,0.3805137323737485,0.2797186434309895,0.13676442984871828,0.0,0.1416220963531667,670,1.0,0.0,0.012922213546732952
4,1.0,1.0,1.0000000000000004,0.2614468008751529,0.2702863165088467,1.0,0.5478046380244539,1.0,690,1.0,0.625,1.0
4,0.9598389973215832,1.0,0.9454042985294828,0.0,0.0,0.9480030416828042,0.3111770426248597,0.951526762476818,710,1.0,0.375,0.5678822772339711
4,0.22181459544588786,1.0,0.6097720086479987,0.6630684764943731,1.0,0.6046935939262288,1.0,0.5957623355497246,730,1.0,0.75,0.4291579268219609
4,0.07576751022442507,1.0,0.5635437550222115,1.0,0.9323645873904346,0.5550990444042063,0.667794265922105,0.5512187699593136,750,1.0,0.875,0.7714898749571117
5,1.0,1.0,0.8117610929392178,1.0,0.9233925953503604,0.7796536693636398,0.6518719015076899,0.7507080442218879,630,1.0,0.6666666666666667,0.366955887481552
5,0.9138247832401932,1.0,1.0000000000000036,0.09805735465500788,0.4395608395063273,1.0,0.4389280820379473,1.0,650,1.0,0.9999999999999998,0.13436294313042452
5,0.5181458056512321,1.0,0.4295820477014658,0.3344151618315536,0.643472824752342,0.42410548426232,0.6516773059980294,0.3805902543899151,670,1.0,0.3333333333333333,0.06963307330515822
5,0.0,1.0,0.20810243173152893,0.6455505580900951,0.4904395266138217,0.20091459603141715,0.4712181993513232,0.16511056772380786,690,1.0,0.0,0.5442265288195791
5,0.3880194609429956,1.0,0.0,0.0,0.0,0.0,0.0,0.0,710,1.0,0.3333333333333333,0.0
5,0.7388381680171107,1.0,0.7205267221637719,0.6775397674869311,1.0,0.7111931018546329,1.0,0.6468971576463005,730,1.0,0.3333333333333333,1.0
5,0.4790731438340526,1.0,0.584518977864736,0.7064490482771095,0.6031289220939449,0.5821588135214242,0.6293719277005414,0.547213363761692,750,1.0,0.3333333333333333,0.4270269447905062
6,0.0,1.0,1.0,0.0,0.0,1.0,0.0,1.0,630,1.0,0.0,0.0
6,0.9523272956885592,1.0,0.2250567173507374,0.35072470870710354,0.5816680939435277,0.2367772932944572,0.6555510361085244,0.2037825001999156,650,1.0,1.0,0.7304133916115504
6,0.5364090798282559,1.0,0.3512940364397448,1.0,0.6971757890037649,0.3476334280215152,0.6083838600866147,0.3152918599432706,670,1.0,0.6666666666666666,0.5872373570276248
6,0.2868472911589209,1.0,0.0,0.3566654460947067,0.4333269845726035,0.018101870110474042,0.5607497549991594,0.0,690,1.0,0.4444444444444444,0.35165886983601746
6,1.0,1.0,0.3606682386542168,0.5502800346356573,1.0000000000000002,0.3647138130586303,1.0,0.2981117107395175,710,1.0,0.8888888888888888,1.0
6,0.006387868869426494,1.0,0.0944619907816584,0.6345499203679743,0.4826447922760529,0.08615635340465744,0.3205501652854815,0.08665274758767261,730,1.0,0.6666666666666666,0.02366822071401881
6,0.4257604672620242,1.0,0.0005801275015375751,0.4825600564178289,0.40271391718502575,0.0,0.31984525341066744,0.003207272379716741,750,1.0,0.3333333333333333,0.3950582248158962
7,0.2488528228300239,1.0,1.0,1.0,1.0,1.0,1.0,1.0,630,1.0,1.0,0.9990860249881656
7,0.13712798944601795,1.0,0.4626039884295778,0.0,0.0,0.4974130921053472,0.30573017891763205,0.5355071534806157,650,1.0,0.7142857142857142,0.4542933661810426
7,0.14481189359085556,1.0,0.1409880321529613,0.2562047422159741,0.16542475021389536,0.14968066066051122,0.3910294151414418,0.14597315196787974,670,1.0,1.0,0.6084214947281933
7,0.5771321982135555,1.0,0.1104139723830606,0.12374772317556025,0.14620632477635187,0.13787860517554762,0.5491765209127593,0.11404531445795385,690,1.0,0.7142857142857142,0.9312061734136772
7,1.0,1.0,0.2755781048291439,0.3146480862518997,0.2323242448917913,0.2979992940169254,0.5456412397737959,0.2891076291747865,710,1.0,0.5714285714285714,1.0
7,0.2663527916259976,1.0,0.4160237759512349,0.3230719868083147,0.0707435512764285,0.4056447656916724,0.0,0.4722584640601539,730,1.0,0.0,0.0
7,0.0,1.0,0.0,0.1815713326505582,0.06818920906177339,0.0,0.24764775008382603,0.0,750,1.0,1.0,0.38870282733297984
8,0.0,1.0,0.0,0.2510075027959603,0.2250175383615003,0.0,0.4782257056344993,0.0,630,1.0,0.7777777777777777,1.0
8,1.0,1.0,0.8732634798482026,0.10946758462634396,0.0,0.8811773583685459,0.0,0.8837269084991521,650,1.0,0.0,0.2781030749660703
8,0.15036867631820922,1.0,0.9301206314412552,1.0,1.0,0.9376505798816032,1.0,0.9255598165737892,670,1.0,0.6666666666666666,0.9514435563619764
8,0.6808891539140273,1.0,0.20097210797136172,0.0,0.057162829741821526,0.2018005856166716,0.17430378762625098,0.20517675904854293,690,1.0,1.0,0.7630529125364994
8,0.7449354317799579,1.0,1.0,0.8479263620747828,0.7414366177988831,1.0,0.13695100162561225,1.0,710,1.0,1.0,0.6712070932117494
8,0.624851110102981,1.0,0.09547275622229368,0.3863794870327346,0.18848932191342427,0.09342104734972743,0.2110049394484096,0.0968013293569876,730,1.0,0.7777777777777777,0.7330015413210584
8,0.4736541675946017,1.0,0.8514633787644139,0.821449774148937,0.5168530097271773,0.8519914662652734,0.06487029577815895,0.8537523188828104,750,1.0,0.2222222222222222,0.0
9,0.19792331860074489,1.0,0.2863578945028156,0.5408548763736271,0.27877889025229785,0.3443862916704994,1.0,0.2959470258022918,630,1.0,0.5555555555555556,1.0
9,0.6793462755113713,1.0,0.8862763461748369,0.4941853482557954,0.3717027520219936,0.8658422723190642,0.28874809520528444,0.8659651061675522,650,1.0,0.0,0.2456646732428853
9,0.7446518829139988,1.0,0.0,0.8212784613440518,0.5920035225116087,0.0,0.0,0.0,670,1.0,1.0,0.2323578240240485
9,0.0,1.0,0.2888884364580484,0.5071747926495584,0.023718796302371947,0.3342012649510337,0.4555743429656506,0.315397843196914,690,1.0,0.5555555555555556,0.8140208082870859
9,0.8644367985094539,1.0,1.0,0.0,0.0,1.0,0.3360778722719957,1.0,710,1.0,1.0,0.650267238439324
9,1.0,1.0,0.5674762093353269,0.12454150273752185,0.06566759478047879,0.5738180384340108,0.07669409315729359,0.5801808636788781,730,1.0,0.8888888888888888,0.28068714262644745
9,0.7818417335744456,1.0,0.671237070441304,1.0,1.0000000000000002,0.618299819377949,0.2225000512749945,0.6174943877837862,750,1.0,0.0,0.0
10,0.9238474437839258,1.0,0.6688216958526119,0.4654588629019577,0.4470907399643752,0.6685948407409734,0.36744642110854586,0.6809026800170774,630,1.0,1.0,0.6703159296246495
10,1.0,1.0,1.0,1.0,1.0,1.0,1.0,1.0,650,1.0,1.0,1.0
10,0.9146599525047724,1.0,0.0,0.2449171628367483,0.36668017488294696,0.0,0.5505671894613413,0.0,670,1.0,0.6666666666666666,0.8579824736149207
10,0.3908482870719462,1.0,0.17051943407948444,0.015213860516996138,0.0326555417025029,0.17039225764843025,0.010716929737707076,0.1860803846680965,690,1.0,0.33333333333333337,0.4137114513248166
10,0.0,1.0,0.1564520758633816,0.3255742908109262,0.3531178910502784,0.14564478939129846,0.0355551804615622,0.16041772093469575,710,1.0,0.0,0.0
10,0.2776659222107578,1.0,0.07681040241496451,0.0,0.0,0.07654423600888816,0.0,0.0914316701273461,730,1.0,0.8333333333333334,0.4364278750249917
10,0.8030712492954859,1.0,0.12142444841615818,0.17011291429670133,0.17832712274959578,0.11815346036147335,0.10822403021185732,0.13076252480246353,750,1.0,1.0,0.4498253688751036
11,0.2123563346568062,1.0,0.0,0.23301136969040806,0.12378370976244618,0.0,0.21788453339730424,0.0,630,1.0,0.4444444444444444,0.8282057420719453
11,0.7409475081738506,1.0,1.0,1.0,1.0,1.0,0.3960670884266097,1.0,650,1.0,0.8888888888888888,0.0
11,0.344682200524112,1.0,0.03369375943859865,0.0,0.0,0.050989881910949116,0.2545529152883765,0.049063145475958685,670,1.0,1.0,0.9088960653952298
11,0.2360691695350083,1.0,0.2654527277339636,0.4188224559955852,0.6036730957165546,0.2602336410093802,0.5444563532853721,0.24066074261334336,690,1.0,1.0,0.3942168048807032
11,1.0,1.0,0.2255032764457141,0.710520559548118,0.8054176727833624,0.2287621464981573,1.0000000000000002,0.1769766138449942,710,1.0,0.2222222222222222,0.8387626117391618
11,0.9577262505418926,1.0,0.2455360424184505,0.6717591753112567,0.4271664432397631,0.2187473033005816,0.0,0.2366897547388049,730,1.0,0.0,0.12399642936342326
11,0.0,1.0,0.16192843446645533,0.2995855062590101,0.2809329799586438,0.1780034602326772,0.5016375845621776,0.16039808596231886,750,1.0,0.6666666666666666,1.0
12,0.7870324355261982,1.0,0.0,1.0,1.0,0.0,0.7498723326888874,0.0,630,1.0,0.8888888888888888,0.3154999125806791
12,0.9331320814963224,1.0,0.7346645043090376,0.0,0.0,0.7933691074756695,0.0,0.8473598900916173,650,1.0,0.7777777777777777,0.3933909609121223
12,1.0,1.0,0.7359969429924931,0.32802080518224386,0.5555259471095308,0.7606972112796626,1.0,0.7284821813409081,670,1.0,0.6666666666666666,0.7954477274519194
12,0.6854220925278217,1.0,1.0,0.1814707628087164,0.34883400104429113,1.0,0.5899935476218241,1.0,690,1.0,1.0,1.0
12,0.6829470658301434,1.0,0.7062648082603857,0.12252886870278945,0.3017228509773849,0.7330942014953549,0.3479450240309252,0.7577676982056899,710,1.0,0.7777777777777777,0.0
12,0.6581473414315364,1.0,0.26156386890417593,0.12613793171474807,0.19282428817075176,0.3661999568710215,0.31100685025168506,0.3991577249147227,730,1.0,0.7777777777777777,0.3992076282810581
12,0.0,1.0,0.3579399916749324,0.22434686267915693,0.4575995484247213,0.4349951390346547,0.7983221164653154,0.4247697613002828,750,1.0,0.0,0.16907739903072153
13,0.4571121074009819,1.0,0.9705481507102371,0.2356093012288012,0.17215069735473834,0.9780399841816864,0.4247512546055553,0.9642991164725544,630,1.0,0.7142857142857142,1.0
13,0.0,1.0,0.0,0.0,0.0,0.0011015341956834843,0.2036474091785182,0.0008192675963929472,650,1.0,0.5714285714285714,0.9065872449206104
13,0.8864918893518541,1.0,0.1406868137325401,1.0,1.0,0.09541923604632484,1.0,0.0685102283445218,670,1.0,0.8571428571428572,0.0
13,1.0,1.0,0.9376434546390748,0.19146413210580127,0.09126477236496568,0.9367878107626124,0.0005325601972266113,0.9371737007979904,690,1.0,0.0,0.24158325662569635
13,0.6307563588768065,1.0,1.0,0.09148143186420876,0.08980873879033732,1.0,0.0,1.0,710,1.0,1.0,0.2343706950450964
13,0.6121720582987102,1.0,0.9717090515185762,0.12788552601816489,0.1378777873582154,0.9837424374013142,0.4849904827450024,0.9679965555899734,730,1.0,0.7142857142857142,0.9449062169465114
13,0.7064766698288254,1.0,0.005659347686379768,0.1972342798443839,0.08821584199701701,0.0,0.19522523093179686,0.0,750,1.0,0.7142857142857142,0.7410013660072063
14,0.3616975160216721,1.0,0.5749532428705773,0.15968614761593125,0.12418039883343653,0.5797817785418222,0.17512765348941656,0.5949286993457834,630,1.0,0.0,0.2696916764618547
14,0.06565225932322205,1.0,0.3167629695280669,0.0,0.0,0.3201100842780433,0.0,0.3418623117944062,650,1.0,0.5,0.0
14,0.9708138876428272,1.0,0.4286718554356441,0.5170270546015753,0.279842932222568,0.42113310546204863,0.15721075499512988,0.43427389961673496,670,1.0,1.0,0.15326610724171835
14,1.0,1.0,0.0,0.3520436840286029,0.2582504879821976,0.0,0.2248825963210116,0.0,690,1.0,0.5,0.19495019302158206
14,0.0,1.0,1.0000000000000004,0.7103307583990635,0.4795879898030704,0.9999999999999996,0.5242564254988921,1.0,710,1.0,0.0,0.5908361294918316
14,0.5680933573046927,1.0,0.5230623056094149,0.8783431928390582,0.4673154563296669,0.5154027883477377,0.3713886806700107,0.515931275448672,730,1.0,0.0,0.2970447267979383
14,0.5810850892101977,1.0,0.15830853058877947,1.0,1.0,0.1537390515045396,1.0,0.10428902488939153,750,1.0,1.0,1.0
15,1.0,1.0,0.03235735393682758,1.0,1.0,0.02214670146594422,1.0,0.0,630,1.0,0.8333333333333334,1.0
15,0.1463976299246982,1.0,0.006487804518288343,0.3624575770950484,0.18713126024486765,0.0,0.08080307655575719,0.062441228991811926,650,1.0,1.0,0.038680525850117116
15,0.08320707162330795,1.0,0.0,0.105458929871593,0.024513860555834932,0.004208817035699752,0.0,0.0737204983942199,670,1.0,0.16666666666666666,0.05065636311657271
15,0.07820318578588906,1.0,0.5836849933019508,0.5081318285184475,0.33268132176458026,0.5550890492328104,0.13002961626903053,0.5801251826124023,690,1.0,0.16666666666666666,0.0
15,0.2435726111765092,1.0,0.3838922463193892,0.1622900614815656,0.11006190184823716,0.3804086274599854,0.09234563506674848,0.4192262737713861,710,1.0,0.33333333333333337,0.2905384174663885
15,0.0,1.0,0.9249923913793572,0.10377806498120153,0.10099025849580964,0.9193839247333973,0.16102091134153962,0.9199909202609023,730,1.0,0.0,0.03070607399299685
15,0.25626304913584186,1.0,1.0,0.0,0.0,1.0,0.11490618280913545,1.0,750,1.0,0.8333333333333334,0.1199495508087958
16,0.4156905204809709,1.0,0.9516906164662392,0.05509265352019793,0.032242052298667,0.9574203769451276,0.2787955750810208,0.9589827512369642,630,1.0,0.2,0.8243307385299501
16,0.0,1.0,0.9905648317567242,0.17820902079042036,0.25689812199313394,0.9966138077815764,1.0,0.9917834005363771,650,1.0,0.8,1.0
16,1.0,1.0,1.0,0.2286562260119187,0.3023652431085357,1.0,0.470585236350748,1.0,670,1.0,0.0,0.5795002126288222
16,0.5212554521023895,1.0,0.9180024082297532,1.0,1.0,0.8999835886536434,0.6671991187580527,0.8977669107623547,690,1.0,1.0,0.0
16,0.5598370734789023,1.0,0.24122800087621776,0.14503855867315518,0.07275260852074067,0.2441637552243648,0.2913691007056002,0.24255847263765995,710,1.0,0.3999999999999999,0.7726385382479939
16,0.7705944983780997,1.0,0.0,0.18439962939596216,0.061914580399868524,0.0,0.0,0.0,730,1.0,0.2,0.6804283549518938
16,0.2424409856967681,1.0,0.5205093919937269,0.0,0.0,0.5265338669033923,0.32994599447728723,0.5257864213956447,750,1.0,0.3999999999999999,0.7983632260527852
17,1.0,1.0,0.7156441361035597,0.35590998789461104,0.5922616601268098,0.7112301368028824,0.4865578449341239,0.7220012108721792,630,1.0,1.0,0.9357486969124206
17,0.26716300804900217,1.0,0.919835438377067,0.05967535416994019,0.0,0.9417473775778724,0.06514547924122127,0.9688585170265752,650,1.0,0.7000000000000001,0.5515032747801388
17,0.4235946464085655,1.0,0.9855153189594006,0.8051105723287726,0.5483137733634331,0.9702106019679562,0.0,1.0,670,1.0,0.8,0.3895657539068772
17,0.4386139363488664,1.0,1.0,0.9999999999999998,1.0,1.0,0.8711500754151706,0.9852611082955748,690,1.0,0.7000000000000001,0.9016441848571056
17,0.0,1.0,0.9063914720708935,0.6613474499218184,0.9975686132985028,0.8921273020224767,0.666552799722139,0.8899880215973077,710,1.0,0.0,0.032567492204497284
17,0.26857510490498104,1.0,0.4308709786864995,0.3841122007207274,0.8844423877297158,0.3933041869791758,0.4514414458347642,0.4125947402856447,730,1.0,0.0,0.0
17,0.5535642489164857,1.0,0.0,0.0,0.4761802512838798,0.0,1.0,0.0,750,1.0,0.7000000000000001,1.0
18,1.0,1.0,0.0,0.0,0.1422251726780075,0.0,0.3080971221255848,0.0,630,1.0,0.5,0.3785874597892488
18,0.6692641777292068,1.0,0.7084999942757548,1.0,1.0,0.6660027611593193,1.0,0.5960740003595113,650,1.0,0.25,1.0
18,0.0714396009173349,1.0,0.6646836789336916,0.32975514434381525,0.15685332761995607,0.6484095328210415,0.1215345319647953,0.7195968126700762,670,1.0,0.0,0.3141698312249845
18,0.957608094968952,1.0,0.9620364933057246,0.8022611456643672,0.7067420077059102,0.8970758562792867,0.4474081339552072,0.9312191748906856,690,1.0,0.5,0.36244935911044396
18,0.0,1.0,0.7620784694991869,0.08974389725624883,0.0,0.7625409574438821,0.020415110370263667,0.8573135059486034,710,1.0,0.25,0.03935830804164345
18,0.28108365403082336,1.0,0.5299212074162334,0.05011460903487836,0.09515261981450852,0.5038933997883355,0.0,0.585623786142019,730,1.0,1.0,0.0
18,0.8608981455939813,1.0,1.0,0.4319798185183529,0.5712149708336757,1.0,0.6984719550772038,1.0,750,1.0,0.25,0.6856270577180641
19,1.0,1.0,0.8303117630240813,0.11272543945868894,0.3149364353814357,0.8056865460451591,0.0,0.8343256228884366,630,1.0,1.0,0.0
19,0.19654913981326733,1.0,0.8839415147089422,0.3984301935130237,0.0,0.8831691594588804,0.6495066114288441,0.8921081114045988,650,1.0,0.20000000000000012,0.8675844741482006
19,0.2773077490778441,1.0,0.9074258829766596,0.15816367050382962,0.4680374252044284,0.9050778433555048,0.8248975877353095,0.9086952253288896,670,1.0,0.8,1.0
19,0.277505375265184,1.0,1.0,0.0,0.5110195322547582,1.0,0.9392600928179016,1.0,690,1.0,0.0,0.8409403651570178
19,0.10257759235434644,1.0,0.0,1.0,1.0000000000000004,0.0,1.0,0.0,710,1.0,0.20000000000000012,0.923172661515134
19,0.0,1.0,0.032794381992205864,0.3945530138170381,0.17084017740044066,0.03951849624286563,0.8325010103272794,0.044490064114885534,730,1.0,0.0,0.8193546743806542
19,0.1679201220089565,1.0,0.0810493244339705,0.5791051688844469,0.4795957036186302,0.07881336553540486,0.6913139682505622,0.0879645861903251,750,1.0,0.0,0.9431780723790641
