,BOLD_correlation,Max,Max-Mean,Max-Min,Mean_peak,Mean_peak-Min,Min,TI,Task,Time_to_peak,slope
1,0.7871220714258689,0.8380424978258779,0.22472589057359127,0.23626499318238306,0.8375214946855873,0.4440306119426707,0.8285449891108723,630,0.0,0.75,0.5192491633654921
1,0.5631445117011964,0.6366600182855695,0.0,0.0,0.6603556313410515,0.3039234230260439,0.6729814035391078,650,0.0,0.0,0.2781600038479422
1,0.7272744349813949,1.0,0.248075388745524,0.14619441322402096,1.0,0.3590863366512529,1.0,670,0.0,0.5,0.3164013776759718
1,0.0,0.3234916647925452,0.34797777145517744,0.15341957808404816,0.28554010431097154,0.0,0.34488100124225696,690,0.0,1.0,0.0
1,0.6915470178334817,0.21231258387723706,0.3598367765845732,0.09350233562472576,0.1951082850104804,0.06303080944435169,0.2473283585440811,710,0.0,0.5,0.046945117402040826
1,1.0,0.2427344882317737,1.0,1.0,0.2009786945393479,1.0,0.12673238757808747,730,0.0,0.5,1.0000000000000002
1,0.7995144846801323,0.0,0.3505074406283065,0.3479447423252424,0.0,0.4722804808311227,0.0,750,0.0,0.5,0.4357408958062255
1,0.8900812082706213,0.0,1.0,1.0,0.0,1.0,0.0,630,1.0,0.0,1.0
1,0.9848009599305114,0.3337381530206933,0.6744204188675401,0.9764576126792012,0.3351382846275293,0.9798849705805442,0.3140416736282248,650,1.0,0.3333333333333335,0.8156492985132027
1,1.0,0.708332322988328,0.5552104107130837,0.7674090492027242,0.718140393321212,0.8486956775422428,0.6878719379011589,670,1.0,0.6666666666666665,0.7000366874099936
1,0.20880103872043412,0.7610128862853269,0.6686991838652805,0.5936397419016243,0.74593273855041,0.5326365597522168,0.7573180090710814,690,1.0,0.0,0.4820976209585448
1,0.0,0.7771215858195166,0.12865854423564865,0.023480211645591,0.7546844393544934,0.0,0.8389793773741161,710,1.0,1.0,0.0
1,0.9546340277676642,0.8487048329400508,0.0,0.0,0.8764162672164435,0.31543717459726617,0.9084919809022124,730,1.0,1.0,0.4907285628395527
1,0.9546932932636504,1.0,0.6625812963078805,0.4244844367914745,1.0,0.4840093781579862,1.0,750,1.0,0.0,0.6107799317563045
10,0.9984394526246329,0.4362230986155216,0.4764666858248556,0.8215677142371995,0.4444137379361184,1.0,0.4318612336822478,630,0.0,0.875,1.0
10,0.9193051448374449,0.6279540076026544,0.6534826842157397,0.6683935108488432,0.6242281303654806,0.5652303645842132,0.630047147474535,650,0.0,0.875,0.6471190970328989
10,0.7967107022037891,0.0,0.5421544021864361,0.5891038927928942,0.0,0.4781692217147024,0.0,670,0.0,0.875,0.5670902394623805
10,0.0,0.05487161001486696,0.0,0.0,0.056424611589588114,0.0,0.07459677238192297,690,0.0,0.0,0.0
10,0.8145506504575168,0.12238357021055668,1.0,1.0,0.10822813345545956,0.4770410464370312,0.109826014854419,710,0.0,1.0,0.4917644968346234
10,0.975311725522312,1.0,0.5872336592433656,0.817034084156687,1.0,0.8743988719027662,1.0,730,0.0,0.875,0.9349459385263716
10,0.9999999999999998,0.21206168797374486,0.3555779679083697,0.08298308979658664,0.21769400998253907,0.21884319835569888,0.2302407766527725,750,0.0,0.875,0.5143583060781766
10,0.7887358248548741,0.0,0.9999999999999998,1.0,0.0,1.0,0.0,630,1.0,1.0,0.8026014280086309
10,0.23201618809239302,1.0,0.3807112174189651,0.3797354395588468,0.9999999999999998,0.32723976753262296,1.0000000000000002,650,1.0,1.0,0.11670870861892972
10,0.2406770616349463,0.07501284396855268,0.08556692299608715,0.0,0.07584321889704504,0.0,0.09168927841609607,670,1.0,1.0,0.09415598492301487
10,1.0,0.137146229075932,0.0,0.3735337314163421,0.14425849894996956,0.7617992750791115,0.14661542010609765,690,1.0,0.0,1.0
10,0.0,0.18854699923657714,0.4284019702385258,0.3483600139358487,0.1844599181390214,0.07108249675149103,0.1978988596262108,710,1.0,1.0,0.0
10,0.903597388625958,0.6325153502869143,0.1300618621299856,0.2332818032020172,0.6356014556003056,0.3650584315143296,0.6390635356605021,730,1.0,0.0,0.54011852159098
10,0.8926924588405267,0.6898068410258227,0.2280492094616509,0.5000459253536567,0.6940059720705445,0.7090631458589204,0.6910677340826077,750,1.0,0.0,0.8877015729674955
11,0.0,0.0,0.2083015171690668,0.6038275186934153,0.0,1.0,0.0,630,0.0,0.9,1.0
11,0.005720606217455196,0.11092770826584264,0.15998601185152722,0.18715154053805605,0.10890703408568392,0.4029904775306907,0.14452782976400336,650,0.0,0.8,0.7663695734239916
11,0.5636574169265923,0.5217363388463205,0.2058797347005375,0.45258025041226496,0.5245333457215402,0.5069173879192019,0.5372407174704712,670,0.0,1.0,0.587805374792729
11,0.5472376951940984,1.0,0.4065642919764076,0.6910083239872599,1.0,0.4232741075998677,1.0,690,0.0,0.9,0.5074477360355705
11,0.9677867196436766,0.3607189951744996,1.0,1.0,0.27590495884449595,0.0,0.3319752679831751,710,0.0,0.0,0.0
11,0.9384796720732252,0.254017869760121,0.4969887120876785,0.7403027784947079,0.20037788213262964,0.215131175955388,0.2450076111988313,730,0.0,1.0,0.17010587425551246
11,1.0,0.27574239202766826,0.0,0.0,0.2749851173613358,0.08798062680245577,0.3252241963736182,750,0.0,1.0,0.4713560255953977
11,0.008787745412363185,1.0,1.0,0.8366601052563714,1.0,0.0,1.0,630,1.0,0.0,0.20293662700517304
11,0.19641782472920924,0.0,0.6673856682102937,1.0,0.0,0.625834167330437,0.0,650,1.0,1.0,0.2930601672843529
11,0.9530301280564164,0.164545200769024,0.0,0.22589576707351997,0.17439089629690585,0.3440454853320973,0.17681218633209814,670,1.0,0.25,0.3660864135297332
11,0.5325790406657962,0.07604677451132691,0.027630365981162752,0.499393822455565,0.08368981405447062,0.5469809169379317,0.08406114126969921,690,1.0,0.125,0.0
11,1.0000000000000002,0.0784761160630989,0.136904954318128,0.0,0.0902215283371186,0.2512936280756901,0.09468235167313477,710,1.0,0.25,0.6202056808258791
11,0.6671024922455028,0.06940316651432178,0.6363123896248293,0.9736429774222608,0.07469448800490586,0.9387999043161788,0.06964975664914252,730,1.0,0.125,0.14386349415021482
11,0.0,0.10675837760565887,0.5068054546709047,0.6999310526835485,0.11767852896809837,1.0,0.11139823794565018,750,1.0,1.0,1.0
12,0.0,0.9259620121910536,1.0,1.0,0.8944008634916045,0.9999999999999998,0.8030038669156916,630,0.0,0.0,0.7865512289509007
12,1.0,0.3234903321156146,0.4663174622778498,0.730321910366269,0.32258756109387576,0.8527876023252576,0.2636802143821484,650,0.0,0.0,0.9184450627114682
12,0.8594807754165288,1.0,0.0,0.1351422341172952,1.0,0.32665176690392217,1.0,670,0.0,0.0,0.4193751422587193
12,0.25675158223121564,0.6452001665379576,0.3743391742103284,0.0,0.6256567459353342,0.0,0.6789424784423979,690,0.0,0.0,0.0
12,0.8015787767080731,0.4966544305017528,0.1881996366733678,0.3753281062815503,0.5129474552679767,0.6253974640275879,0.4816523920964855,710,0.0,0.0,0.7484094224089509
12,0.6905902336289316,0.06879927230837879,0.0402964772135348,0.6280706983204905,0.09295505822498384,0.8880460023692864,0.033973668542696345,730,0.0,1.0,1.0
12,0.8838784651672942,0.0,0.2504348572650508,0.4075716033619976,0.0,0.4778753109293725,0.0,750,0.0,0.5,0.4046633607025056
12,0.4110020882676862,0.0,0.2336607787327767,0.08776529963905982,0.0,0.16536970689027666,0.0,630,1.0,0.20000000000000015,0.1342426435315124
12,0.9763398468456492,0.21703783706707824,0.3194850921182102,0.43073100965447547,0.2200793508263299,0.7815730328272241,0.20266170112495366,650,1.0,0.0,1.0000000000000002
12,1.0,0.3789084961680649,1.0,1.0,0.3637946759282329,1.0,0.3403588208098691,670,1.0,0.4000000000000001,0.8113413814585739
12,0.1335808551989872,0.3861047712010306,0.10556052776924857,0.02739991275702236,0.3835767811577577,0.0,0.3893012051352045,690,1.0,1.0,0.0
12,0.9456998694108768,0.35038996541356404,0.8273424420109649,0.835440996300562,0.33964545758917364,0.9071035834721356,0.3188568392631188,710,1.0,0.4000000000000001,0.7571227108822194
12,0.6320509384507274,1.0,0.12968425315167104,0.12434923036688965,1.0,0.2468545367211765,1.0,730,1.0,0.20000000000000015,0.12717998025615512
12,0.0,0.4063520402432372,0.0,0.0,0.41239879402544144,0.25540130939058864,0.4107560046286061,750,1.0,0.20000000000000015,0.08429632065094478
13,1.0,1.0000000000000009,0.9049114081766204,0.9889636148983182,0.9999999999999992,1.0,1.0000000000000009,630,0.0,1.0,1.0
13,0.9659480959981566,0.7607563783912541,1.0,1.0,0.7406193055201795,0.8916905215560466,0.7460477262997456,650,0.0,1.0,0.8950577947534183
13,0.0,0.8026866136136155,0.0,0.0,0.8121841344108782,0.0,0.9305818497060452,670,0.0,0.0,0.0
13,0.9803499224498728,0.6265884994448649,0.027222171707089737,0.11453712117511695,0.6337734669809754,0.1443057839134239,0.7287276979285702,690,0.0,1.0,0.14424313509926778
13,0.6368894942216135,0.41763014047512215,0.27423016773727826,0.4173272991943208,0.41103505331168666,0.41243678626692937,0.4657943163819516,710,0.0,1.0,0.33346659440770504
13,0.9114649282595012,0.0,0.2611339038280036,0.5968833182989607,0.0,0.7509248907706277,0.0,730,0.0,1.0,0.6938594850558134
13,0.9180836477170068,0.13772337907449028,0.3714214201854321,0.5218519573755825,0.13257217837531687,0.5967292576260113,0.1558259499097563,750,0.0,0.0,0.7081147834340921
13,1.0,1.0000000000000004,0.32078929252826205,0.30496263408280505,0.9999999999999996,0.44385720330566497,1.0,630,1.0,0.625,0.5689912904297952
13,0.5876141589696858,0.6734377858952203,0.2949812682987705,0.3176598371796676,0.6727133358282598,0.3856252521100768,0.6699574825381767,650,1.0,0.875,0.7638810748152468
13,0.7980372480758494,0.5853309579838224,1.0,1.0,0.5562140328314031,1.0,0.5316137001825743,670,1.0,0.75,0.0
13,0.8301503477346229,0.6486581755224883,0.16070112950470186,0.2163987929356651,0.6521694258721921,0.2877246054997832,0.6523366069366183,690,1.0,0.0,0.18386232445371115
13,0.0,0.0,0.16235417356655982,0.19707407887820616,0.0,0.009612832722318665,0.0,710,1.0,1.0,0.11424764846253037
13,0.4317700913289799,0.7148427109037274,0.0,0.0,0.7241076615540574,0.0,0.7347529885841899,730,1.0,0.375,0.5723767250571506
13,0.5525681157489976,0.6456573969052801,0.04487630630567183,0.1763947974694819,0.6568401460783377,0.4355704674481201,0.6522171271095418,750,1.0,0.5,1.0
14,0.6129377863664305,1.0,0.0590480196533833,0.04354865460621807,1.0,0.07447490885282074,1.0,630,0.0,0.75,0.09830621821847524
14,0.5672008694666744,0.4682677785180607,0.20201808854312545,0.18400386976175645,0.4571335561294058,0.2298578819145869,0.43515362384713496,650,0.0,1.0,0.20289247508992256
14,0.6305138711693001,0.963668982355408,0.12041524506066795,0.10557778670132703,0.9585777063206864,0.1420016342626911,0.9492796590864973,670,0.0,1.0,0.14788437104744234
14,0.0,0.22213211503138552,1.0,1.0000000000000002,0.12783719026383444,1.0000000000000002,0.0,690,0.0,0.0,1.0
14,0.916979414399963,0.315847301525058,0.002225968670408862,0.032421368237431365,0.3243082226197065,0.11694790458367575,0.31761139462874605,710,0.0,0.5,0.18643187836330616
14,1.0,0.6909075090124004,0.03323526386668951,0.08124811092247725,0.6992804378788193,0.1991351230611064,0.6818225241318611,730,0.0,0.75,0.2648835852044784
14,0.10458786971242062,0.0,0.0,0.0,0.0,0.0,0.008888931566560565,750,0.0,1.0,0.0
14,0.8377684995271347,0.3021761265270033,0.0,0.0,0.31185744996638864,0.11381035269386078,0.3191621119443293,630,1.0,0.7000000000000001,0.45656009235366096
14,0.0,0.0,0.5711910677131514,0.3240148637161897,0.0,0.09306162211493138,0.0,650,1.0,0.0,0.0
14,0.945509795534007,0.09587814663021944,0.5204114149015461,0.3725003379366849,0.10014941485027552,0.31830626664913625,0.09640310462139112,670,1.0,0.7000000000000001,0.3798763984630793
14,0.3720735514117476,0.6837899774668403,0.4999660513172125,0.28390686563720724,0.6814370005467714,0.04714020980542924,0.6999418559485322,690,1.0,1.0,0.1512830846725697
14,0.7786931123719545,0.7577879040795263,0.7225922741132829,0.4541040976147952,0.7606740271208596,0.4456185293839993,0.7700757375168431,710,1.0,0.6000000000000001,0.5077736384074456
14,0.4874272323988047,0.6315172375569309,0.4804867682625026,0.2633985003642467,0.6287065539921319,0.0,0.6471923718348442,730,1.0,1.0,0.05812296619173446
14,1.0,1.0000000000000002,1.0,1.0,1.0,1.0,0.9999999999999998,750,1.0,0.8,1.0
15,1.0,0.0,0.5268532061809081,0.377455497471376,0.0,0.32230721444458005,0.0,630,0.0,1.0,0.556460105127918
15,0.9419743110557748,0.7935319619296761,0.9999999999999998,1.0,0.7972250808010849,1.0,0.7649036450752984,650,0.0,0.8888888888888888,1.0
15,0.4649991885502434,0.44041923471718736,0.0,0.20918681407864287,0.4327550640885738,0.07786463998284343,0.4516485822950278,670,0.0,0.8888888888888888,0.0
15,0.4367092785188249,1.0,0.5634225626610612,0.4784587200485129,1.0,0.4910963653827683,1.0,690,0.0,0.3333333333333333,0.4515985524335695
15,0.3773901583586532,0.9065544867001184,0.7648129266624158,0.3860379431305188,0.8894750728370209,0.11183798939106404,0.910934408619223,710,0.0,0.0,0.005927165154107295
15,0.4584876669136925,0.6223325056614204,0.3607530278109468,0.1656515008081112,0.6167005173097078,0.08815192156990719,0.6368294972305621,730,0.0,0.0,0.1252430231399259
15,0.0,0.5151362889967137,0.2098166692383958,0.0,0.5134671781306128,0.0,0.5378051081370883,750,0.0,0.0,0.10648851473231684
15,0.0,0.0,1.0,1.0,0.0,1.0,0.0,630,1.0,1.0,1.0
15,0.2180248592114402,0.4349810176705735,0.04887764287514052,0.13157178286340254,0.4424037778755632,0.19633358678154966,0.4592676685444719,650,1.0,1.0,0.0
15,0.4574191683208089,0.7991134789219712,0.00761584782467417,0.08334094975493428,0.8021278063263533,0.12881700121478554,0.8102500408314461,670,1.0,0.0,0.09339219422896884
15,0.8982167709110824,1.0,0.215398898977932,0.13542830892913105,1.0,0.1781534265457186,1.0,690,1.0,0.0,0.1567572478201797
15,0.002505152306337965,0.9725515223562912,0.3728170162402249,0.2780166441805568,0.9703752876935364,0.2987076990760432,0.966688604779678,710,1.0,0.5,0.007747806285943294
15,0.9443328845876444,0.7448859787472437,0.06608202741214497,0.0,0.7476726801364877,0.0,0.7624461804747322,730,1.0,0.0,0.0366012525824142
15,1.0000000000000002,0.7112732101992565,0.0,0.060113011928953075,0.7175272366205999,0.15522984579334606,0.7273016787800484,750,1.0,0.5,0.16583506706661116
16,1.0,0.1550654494360444,0.8257702242251952,0.984135525525794,0.13573708442309496,1.0,0.01585108846980532,630,0.0,0.875,0.8616891918234125
16,0.9205885494371302,0.0,0.0,0.0,0.0,0.16701649050111808,0.06695804452517429,650,0.0,1.0,0.4069411880937927
16,0.8732511655693191,0.17788167932971174,0.6805611949182333,0.5866781790330019,0.17607589791920475,0.6831994438601557,0.11790210589413695,670,0.0,0.625,1.0
16,0.7067471942269375,0.1417938557789995,1.0,1.0,0.06973625427907137,0.7908923593027503,0.0,690,0.0,0.625,0.8015870590023317
16,0.2602794472769565,0.8641853687855949,0.737255137172939,0.6415244586300813,0.8774011976115191,0.6215326586685985,0.760745388181812,710,0.0,0.625,0.6241237330181986
16,0.8743718672297144,0.4893482126506861,0.9617539245828464,0.9705699989155512,0.3895849137825813,0.5513179203584173,0.3371043380906027,730,0.0,1.0,0.4862647595084803
16,0.0,1.0,0.3326593889568244,0.09789364857297556,1.0,0.0,0.9999999999999982,750,0.0,0.0,0.0
16,1.0,1.0,0.3507846543700837,0.25785428353675777,1.0,0.10674895388845204,1.0,630,1.0,0.0,0.2755382927460527
16,0.0,0.7933023135488106,0.1640666375919147,0.3286866314859839,0.8302338101510962,1.0,0.7711740696101828,650,1.0,1.0,1.0
16,0.7195585320284219,0.4754662998788177,0.05552563236012742,0.09044357084838134,0.4962927174664138,0.27594305412646514,0.484416141956622,670,1.0,0.25,0.5944941178885391
16,0.2353692180820776,0.8465355322187342,1.0,1.0,0.7588754853932933,0.9835969035015032,0.7007913280262628,690,1.0,0.875,0.0
16,0.4700069613782985,0.0,0.0,0.0,0.0,0.0,0.005565394864039064,710,1.0,0.25,0.5475151643120005
16,0.3031189834702885,0.1311260617689456,0.2172398702708651,0.1778109648038274,0.1319246966279728,0.4363045535927503,0.10895692429506454,730,1.0,0.5,0.8875311368333272
16,0.07636227698840757,0.09166220163474392,0.6597356454777624,0.5393693277996596,0.021969690963004496,0.4187021467910932,0.0,750,1.0,0.875,0.3429667674454758
17,1.0,0.6806170072330602,0.2868382878504248,0.5339930661608135,0.6978540152735135,0.7627610345055733,0.611393830705099,630,0.0,0.0,0.9999999999999998
17,0.8585745918569785,1.0,0.0,0.0,1.0,0.0,1.0000000000000018,650,0.0,0.5,0.00016342488805376476
17,0.5578004610559226,0.0,0.1413011305804326,0.2705784375622217,0.0,0.23974994826948226,0.0,670,0.0,0.0,0.25988568916536997
17,0.6573550916658872,0.7517741869318613,0.5978880423106481,0.6291808483559428,0.7286038995033408,0.5740861202271497,0.6648511893619631,690,0.0,0.5,0.29601060616400754
17,0.7270799497744802,0.2866145457738405,1.0000000000000002,1.0,0.2649810836812314,1.0,0.16180582251043066,710,0.0,0.5,0.7890827138482608
17,0.5559326530791191,0.35600584714197936,0.034165422602176365,0.2933251617276721,0.3524656160857269,0.27402130402103264,0.3375894967827016,730,0.0,1.0,0.17275863400174374
17,0.0,0.09500570525876027,0.12728636300892027,0.1634938470007724,0.1034141963821611,0.1816007456858109,0.10759186696236966,750,0.0,0.5,0.0
17,0.9655234315451094,0.9635134146796318,0.7142489261988918,0.8461711530838534,0.9765176242863802,0.6897976569004404,0.9764782831450668,630,1.0,1.0,0.8335217137785336
17,1.0,0.5102732396836913,0.2671766619394349,0.3684152678537312,0.5052519245522049,0.0,0.5318707124618953,650,1.0,0.0,0.0
17,0.5525425129036607,1.0,0.9999999999999998,1.0,1.0,0.691816450546849,1.0,670,1.0,0.8,0.34621568949859505
17,0.4068305210894169,0.39079747000128506,0.3102760042112012,0.4499524595602877,0.4087719936629455,1.0,0.3926046799960403,690,1.0,0.8,1.0
17,0.0,0.1054614457876184,0.0,0.04856649132366808,0.10733754383041116,0.1996346929595555,0.12340422194083445,710,1.0,0.0,0.18939276338631605
17,0.6827377706849953,0.10121369356197008,0.031605241996216615,0.0,0.10297997735672837,0.08365518806052752,0.12392641577830332,730,1.0,1.0,0.7202181619904526
17,0.4372707342542526,0.0,0.0037616340422458867,0.12499518635094907,0.0,0.5662150149939925,0.0,750,1.0,0.8,0.8511450068436281
18,0.0,1.0,0.2482918692461864,0.5098000175567416,1.0,0.7599737999722552,1.0,630,0.0,0.0,0.0
18,0.8676596682075446,0.0,1.0,1.0000000000000002,0.0,1.0,0.0,650,0.0,1.0,0.7391067305503631
18,0.7240991055805492,0.8152267671118816,0.25147530945923746,0.3670823007366546,0.8197945438232677,0.6420036244396773,0.8231736780483154,670,0.0,0.0,1.0000000000000002
18,1.0,0.7002275110205698,0.270315211698974,0.3524354033924564,0.7034027531134006,0.4880759669755462,0.7105936310575376,690,0.0,0.5,0.69538565321257
18,0.9142776938264404,0.18995375836441086,0.07845799745527883,0.3084904494634907,0.20379237530826666,0.6388075540927783,0.21033745750934066,710,0.0,1.0,0.9200191661881004
18,0.6910124833006208,0.7066106026418368,0.0,0.0,0.7114956373637824,0.0,0.728875495353003,730,0.0,0.0,0.2940695774812234
18,0.7808739647116278,0.6220416724772417,0.1699771119142044,0.4098038123299224,0.6272357541393192,0.6336278509931933,0.6317591556793682,750,0.0,0.0,0.949818983387238
18,0.8791056605197605,0.4283679449947362,0.7646206229367377,0.4950950599407987,0.4202942847342204,0.2898147220089241,0.4175427876932401,630,1.0,1.0,0.5397401309052056
18,0.0,0.0,0.10971524266525036,0.08464054471399317,0.0,0.13687442836106595,0.0,650,1.0,0.6666666666666666,0.4542468124510524
18,0.07784977375981528,1.0,0.0,0.0,0.9999999999999998,0.07027982637775154,1.0000000000000002,670,1.0,0.5555555555555556,0.5292717083456161
18,0.6058190728304743,0.9826863208468198,1.0,0.7373615325654029,0.9789708400352206,1.0,0.9648533673317188,690,1.0,0.7777777777777777,1.0
18,0.6497015176775283,0.8662156815678252,0.18378469169184555,0.15805828549268586,0.8614507639322804,0.0,0.8626598626840709,710,1.0,0.8888888888888888,0.17755978040518974
18,1.0,0.6640013395252282,0.951095442527234,1.0,0.6463757332997997,0.4829916143139306,0.6404575262725227,730,1.0,0.0,0.0
18,0.3676231472958174,0.9664701981729736,0.6418686791360598,0.4070740442896583,0.965315628758748,0.640812095879965,0.9566743547154306,750,1.0,0.5555555555555556,0.9494938988461564
19,1.0,0.0,0.151636577754395,0.31796805561658115,0.0,0.27184531540571355,0.0,630,0.0,1.0,0.0007461364883465382
19,0.0,0.3259554161444793,0.9377707242540606,0.9835095415735704,0.3071295792186621,1.0,0.2508462450516973,650,0.0,0.0,1.0
19,0.7177619276655962,0.2763001165737684,1.0,1.0,0.23200904258817445,0.6918050041210922,0.2000505746020167,670,0.0,0.3333333333333335,0.14757944268012269
19,0.5870096962358909,0.33086229122827504,0.7130175101457455,0.8565167540117629,0.2993061723908106,0.6759968526702774,0.2692471686775875,690,0.0,0.3333333333333335,0.2479446305323956
19,0.6707920203970248,0.2980902319908552,0.2513678967960176,0.7240133010358779,0.2936700265159207,0.8304046171239478,0.2510277051702712,710,0.0,1.0,0.6713871010723758
19,0.879711378239004,1.0,0.0,0.20102390290447314,1.0,0.3847161339624737,1.0,730,0.0,0.3333333333333335,0.3762655757187332
19,0.3702613995241668,0.7629085341453692,0.050072584629558436,0.0,0.758316025125005,0.0,0.7873255090759503,750,0.0,0.0,0.0
19,1.0,0.3891731786097132,1.0,1.0,0.2928248562131621,0.2809093678212212,0.2784524711110841,630,1.0,0.1111111111111111,0.0
19,0.8852015854307265,0.6500508025453264,0.0,0.0,0.6536522250416787,0.0,0.6644747706295746,650,1.0,0.7777777777777777,0.5155035993189317
19,0.622235169319171,0.037428655342925055,0.4460066875235745,0.31727398134632623,0.031020506635897505,0.1310251174032921,0.03187262955557202,670,1.0,1.0,0.7378223942563324
19,0.9774399502461809,0.0,0.2748625262749388,0.2864067681214233,0.0,0.14130463665942367,0.0,690,1.0,0.0,0.3216737159483691
19,0.0,0.5546286217251648,0.4658599099415289,0.2901979408242328,0.5708676854912582,0.5124736288796979,0.5334698439294776,710,1.0,0.6666666666666666,0.7645025910923682
19,0.1799576439931203,1.0,0.17120290319829845,0.010353122048198491,1.0,0.0999149122844734,1.0,730,1.0,0.5555555555555556,0.6258068282128085
19,0.3044423364589359,0.8825336326407474,0.5258042944264049,0.7383074533693313,0.8735034092268847,0.9999999999999998,0.7887372305198177,750,1.0,0.4444444444444444,1.0
2,0.3698105985209546,1.0,0.5146336518903911,0.5479591097344237,1.0,0.2989007264776727,1.0,630,0.0,0.0,0.28065264223077496
2,0.7647682166730309,0.5135451386800405,1.0,0.9475167504567624,0.5088086843815773,0.6516379534003818,0.4924518145582146,650,0.0,0.2,0.7382080123938477
2,0.44695929582827054,0.4913151023496845,0.6386139931619761,1.0,0.4960621066487345,1.0,0.4681741030809343,670,0.0,0.3999999999999999,0.9999999999999998
2,0.0,0.4179146265342215,0.6794678889002805,0.8568554185567213,0.4126175659828197,0.5687633055640997,0.3980328419997648,690,0.0,1.0,0.4124916350295183
2,0.5415851515154241,0.11788951423162075,0.3745322305298694,0.7079506878510299,0.11789087662781572,0.6574754287051467,0.09751700627479563,710,0.0,0.0,0.5492638357388728
2,0.6375045881596223,0.28197013388542835,0.4795157827798304,0.2854288029107219,0.2786518484108909,0.10856110381462176,0.2778243742337372,730,0.0,0.3999999999999999,0.1492951360206583
2,1.0,0.0,0.0,0.0,0.0,0.0,0.0,750,0.0,0.2,0.0
2,0.9417529578657554,0.0,0.0,0.0,0.029156850238033268,0.0,0.09691469812814546,630,1.0,0.8571428571428571,0.2610793310225895
2,0.9348122895745778,0.2609545754188787,0.9596548373049107,0.6443900450740262,0.2333509570592547,0.14144353631315104,0.28948018281790944,650,1.0,1.0,0.4520286652593896
2,0.0,0.7153884520285487,0.8455218915755065,0.7693457505549247,0.7296396420283457,0.9748982368606154,0.724186009562013,670,1.0,0.4285714285714285,1.0
2,0.15778738163395845,0.34551325788571674,0.5860137207652528,0.3794545706400906,0.3648794619198537,0.4446776750559202,0.3990844178331301,690,1.0,0.7142857142857143,0.3832461989006315
2,1.0,0.7638120136492255,0.2606397537116633,0.14644393815762202,0.7792343537794402,0.08415898349244033,0.8339034229858644,710,1.0,0.7142857142857143,0.0
2,0.2743611410190926,1.0,0.9625915087813396,0.8118977231956489,1.0,0.8557502419187022,1.0000000000000018,730,1.0,0.5714285714285714,0.3521179823942152
2,0.5111554741228814,0.002775062451220833,1.0000000000000002,1.0,0.0,1.0,0.0,750,1.0,0.0,0.1535317547074771
3,0.3162109281207298,0.0,1.0,1.0,0.0,1.0,0.0,630,0.0,0.5,0.7156766844535585
3,0.0,1.0,0.3614717192363748,0.4768914717816851,1.0,0.45133129761722296,1.0,650,0.0,0.5,0.0
3,0.8310203687617688,0.9359719481988176,0.4570131320876261,0.5115057800106436,0.9419341257347044,0.7571154336571079,0.9359278178043308,670,0.0,0.5,1.0
3,0.8021975974574956,0.8437297968139883,0.08302433879985388,0.14356965545450767,0.8554178168661646,0.31829322852274955,0.8600743226496697,690,0.0,0.75,0.5525141196472404
3,0.5206684085071179,0.7372556110827686,0.20724412885634866,0.2667655951540984,0.7462645779934108,0.3772196343143266,0.7509421896570609,710,0.0,0.5,0.5671325681178924
3,1.0,0.6689577920328693,0.0,0.0,0.6808197366316224,0.0,0.6945559121899962,730,0.0,0.0,0.3372548822336241
3,0.4656097949541663,0.5588938874233986,0.03068273663741755,0.2132734161824088,0.5716063221511187,0.3783247088156673,0.5783609393725442,750,0.0,1.0,0.452649503239944
3,0.2387441262059937,0.24190252957918634,0.8218590841783318,0.7260325802083709,0.2364997706739449,0.1975257199597613,0.2447389829852682,630,1.0,0.75,0.24312234883018205
3,0.15347183734867964,0.9787371925691954,0.5714889935103931,0.97888886052359,0.9712425251487796,0.7208949862150363,0.9601229133820884,650,1.0,0.25,0.0
3,1.0,0.9999999999999996,0.3912107145063624,0.7368487053611033,1.0,0.7628105235879663,0.9876666239970282,670,1.0,0.0,0.8478604584084188
3,0.8356024634128763,0.0,1.0,0.9999999999999998,0.0,0.7090430113248632,0.0,690,1.0,0.5,0.530969801986645
3,0.8101222865903931,0.9917813231778552,0.0,0.0,0.9960561031236974,0.0,1.0,710,1.0,0.25,0.3642946409477012
3,0.8802508663049617,0.8531671824155853,0.5186200571301036,0.9924202535910216,0.852370661553711,1.0000000000000002,0.8366415759304942,730,1.0,1.0,1.0
3,0.0,0.8906002484997217,0.4849975007247242,0.6152224218279951,0.8850999869062965,0.3057610921236115,0.8837785792400283,750,1.0,0.5,0.09176801637274454
4,1.0,0.8820048721463074,0.20166984006551048,0.15530198106342408,0.8870453476469167,0.3612833899831485,0.8829318918132918,630,0.0,0.75,0.9509584536709506
4,0.7861907480422963,0.995918577682748,0.2356309238992377,0.0934403341484129,0.9892578862715272,0.10283091927143062,0.9948956118744224,650,0.0,1.0,0.8563058139115154
4,0.7474428368154978,0.6258386264961411,0.234655693555372,0.05130559293111359,0.6399553502927926,0.11931811067472975,0.6418034104207231,670,0.0,0.75,0.8988004587326316
4,0.0,0.0,1.0,0.9999999999999998,0.0,0.0,0.0,690,0.0,0.0,0.0
4,0.5699286184677413,0.14659935545902236,0.5180057163558792,0.9124434161022191,0.17687799232796175,1.0,0.1444379816207837,710,0.0,1.0,1.0
4,0.9311997274547406,1.0000000000000004,0.1104542359933126,0.06628392609364298,1.0,0.27119695459767723,0.9999999999999996,730,0.0,0.875,0.9174352395129222
4,0.8304990206574796,0.9590950944066292,0.0,0.0,0.9631615362793896,0.2461921458450551,0.9636731424099798,750,0.0,0.75,0.9481090235894264
4,0.8623148175208828,0.9999999999999992,0.0,0.39468649909090536,1.0,1.0,1.0,630,1.0,0.8888888888888888,1.0
4,0.3495332933863523,0.7115469175764231,0.16431887078010432,0.0,0.7119083464680234,0.13721099668328066,0.730589888014439,650,1.0,1.0,0.5466532067191147
4,0.06598296994718916,0.0,1.0,1.0000000000000002,0.0,0.21525305319786806,0.0,670,1.0,0.8888888888888888,0.01247964076456448
4,1.0,0.5800082052026685,0.36613793675796896,0.3546548569145971,0.5903387032755081,0.6951333340253989,0.5898512424986677,690,1.0,0.7777777777777777,0.8124285959955106
4,0.9487325863943208,0.6933520638089039,0.5558103354925333,0.3434319416771203,0.6932718569052847,0.4865123344372511,0.7012755323755799,710,1.0,0.7777777777777777,0.5879470218093827
4,0.0,0.15819891082526638,0.4825789593348323,0.3863047802160828,0.16539998640931766,0.0,0.1755240143673502,730,1.0,0.0,0.0
4,0.7072801889555873,0.25581854766682444,0.8791551864854282,0.7725838690104454,0.2671934736663593,0.7298864275414428,0.2582458942588044,750,1.0,0.7777777777777777,0.8199376090289787
5,0.08548380726989291,0.9156670775951464,0.0,0.036388421174682765,0.9306407173964965,0.0,0.9507317943253976,630,0.0,1.0,0.0
5,0.6388810793892323,1.0,1.0,1.0,1.0,0.8607111733127627,1.0000000000000009,650,0.0,0.5,0.4564151387698157
5,0.9999999999999998,0.8571875671389044,0.4115894993832714,0.63551355660052,0.8719833625968487,1.0,0.8663747484708848,670,0.0,0.25,1.0
5,0.0,0.4485366465811865,0.022947567703532568,0.0,0.4589189456533038,0.12743525737992198,0.4678755259329259,690,0.0,0.0,0.2613026224335254
5,0.8427781714794882,0.5380996360454802,0.15506367812844035,0.2110813505844064,0.5464047035931703,0.30845223703582325,0.5523700473156099,710,0.0,0.5,0.2773409882680298
5,0.645891854499568,0.05196888674389033,0.00862418514821317,0.2236107482432812,0.054187698207603496,0.4680151605680921,0.047877804799783874,730,0.0,1.0,0.3354319469330539
5,0.7308817917267343,0.0,0.09360660181843317,0.07209156494098856,0.0,0.17549224656274842,0.0,750,0.0,0.25,0.27056282949977273
5,1.0,0.2683599930993608,0.5433275257568799,0.5925177192839169,0.2660166104500279,0.7027368185839538,0.2607275687423858,630,1.0,0.7777777777777777,0.7790934131446053
5,0.0,0.07855894575494249,1.0,1.0,0.055343903422113705,0.15692938202444526,0.062450013312179926,650,1.0,0.0,0.0
5,0.8603580292906261,0.0,0.2699043999694733,0.4023478173977395,0.0,0.5674430140696454,0.0,670,1.0,0.0,0.6286395878566848
5,0.13620264400828425,0.8044966433143204,0.30143122014571505,0.22183656703615215,0.7984941245878923,0.0,0.800831361424247,690,1.0,1.0,0.6596093327291812
5,0.9474345299179736,0.8427927555274999,0.3151083626057014,0.3228014430668997,0.8424985239333621,0.43998235129515,0.8361483426788068,710,1.0,0.5555555555555556,0.8043021375326369
5,0.8922267498211116,0.9006324705963076,0.5496283569667039,0.7628296868074037,0.8995461230713744,0.9999999999999998,0.8821276744159969,730,1.0,0.5555555555555556,1.0
5,0.7783218340714204,0.9999999999999996,0.0,0.0,1.0,0.01326155898072906,1.0,750,1.0,0.0,0.4757462404658754
6,1.0,0.0,0.2180978784360056,0.2675186059022052,0.0,1.0,0.0,630,0.0,0.3333333333333333,1.0
6,0.6780123653867209,0.06408285213899667,0.4231498282859323,0.23689265403148485,0.03972859550091457,0.07016179351854013,0.06541255568697046,650,0.0,0.4444444444444444,0.9561360563706548
6,0.0,0.4483610701788692,1.0,1.0,0.3611827805072921,0.5959158801007445,0.3642916332059656,670,0.0,0.0,0.0
6,0.3989474679538063,0.4765954324648938,0.17096194007835053,0.27388129428522623,0.4476782288660743,0.08471582965170632,0.4633935818717294,690,0.0,0.7777777777777777,0.13206980206636754
6,0.8295542046366191,0.6499454600721322,0.549538253564335,0.26149748158935937,0.6213772923471375,0.07193528484067557,0.6333913362010026,710,0.0,0.7777777777777777,0.43032868917623934
6,0.2632264583878562,0.7448885278686408,0.21645365951700912,0.27810129459429955,0.7122466052794659,0.0,0.7241919275519244,730,0.0,1.0,0.3753910208556871
6,0.5129117571758135,1.0,0.0,0.0,1.0,0.1819432215125094,1.0,750,0.0,0.5555555555555556,0.7056202093609796
6,0.5228963503478368,0.0,1.0,0.9999999999999998,0.0,0.5589734311077422,0.0,630,1.0,0.0,0.0
6,0.0,0.7512183526789462,0.4548383995947133,0.457496370203477,0.7454001430478381,0.3316274695260787,0.7455100719975989,650,1.0,1.0,0.1708790448856067
6,0.5136561474413371,0.969454938549822,0.5256408289973202,0.6242040601274561,0.9691607459064682,1.0,0.9456384548904432,670,1.0,0.7142857142857142,0.6354247843330119
6,0.8449309179975714,0.957154235097334,0.8004635226085256,0.6089299260737155,0.9526047070302002,0.8314696668351698,0.9346565416235362,690,1.0,0.7142857142857142,1.0
6,1.0,1.0,0.3264758945676461,0.3577324579844949,1.0,0.6212316658367808,0.9883486902097416,710,1.0,0.7142857142857142,0.8156170899803672
6,0.16854177862231515,0.8952008467951482,0.20629990125285969,0.10978292837283754,0.8966467953794859,0.16154152797117602,0.9007613374229408,730,1.0,0.8571428571428571,0.4126255648450893
6,0.2857468755489758,0.9932056659512348,0.0,0.0,0.9916121704035352,0.0,1.0000000000000004,750,1.0,0.2857142857142857,0.3465736825481957
7,0.6670702328749485,0.06608529779288119,0.8344302341516595,0.8479581325897606,0.0465199123588036,0.9818339085998914,0.04492259005212596,630,0.0,0.6666666666666665,0.9075780251893306
7,0.3984950447950464,0.03916879802877027,1.0000000000000002,1.0,0.0,1.0,0.0,650,0.0,0.6666666666666665,0.850589687763396
7,0.687076969449389,1.0,0.0,0.03106666982695005,1.0,0.2060697747893926,1.0,670,0.0,0.0,0.4087592276638857
7,0.0,0.9016507201962192,0.10548464034228612,0.0,0.8903242505781268,0.0,0.915274147330834,690,0.0,0.6666666666666665,0.0
7,0.8619131984340109,0.7804809103098265,0.11552127375162533,0.2423323731054641,0.787262885516089,0.5437219995143937,0.7729000457814692,710,0.0,1.0,0.7134716109810386
7,1.0,0.0,0.4998066666995679,0.5053346016392577,0.01841794476915481,0.8310846023301871,0.031549994313618164,730,0.0,0.3333333333333335,1.0
7,0.4109920534369112,0.20447366992064356,0.1188876386833089,0.1785758400860737,0.21815000652529012,0.3270961823821926,0.26068075242934263,750,0.0,1.0,0.4837082428544454
7,0.5098458551361369,1.0,1.0,1.0,1.0,0.9598003097217588,1.0,630,1.0,0.6666666666666666,0.8939446624329468
7,0.7196243078640142,0.14576783059949872,0.7668805061207294,0.8532091812886992,0.14755248194286266,1.0,0.1316856150095962,650,1.0,0.6666666666666666,1.0
7,0.5663849779672067,0.6706460078061385,0.5085495595031746,0.4685011014545114,0.6745231257838986,0.6186192507507371,0.6764329929020292,670,1.0,0.6666666666666666,0.8260838592034765
7,1.0,0.5082829824237711,0.0,0.0,0.5156888968661937,0.3058555294023366,0.5217996742951883,690,1.0,0.5555555555555556,0.5760604141727543
7,0.5032124022406399,0.0,0.1711772748628696,0.13017891242141155,0.0,0.17410894437894314,0.0,710,1.0,1.0,0.569251918607684
7,0.5097615102897808,0.3018880960099235,0.5560666406564044,0.4875046846166254,0.2906556693123159,0.0,0.2996505531478721,730,1.0,0.0,0.0
7,0.0,0.09000716965600386,0.13093703305541604,0.08525689350212129,0.09153724002525364,0.18428074663023875,0.0929172477220872,750,1.0,0.6666666666666666,0.3499803424486609
8,0.24295414598680495,0.5641472547216715,1.0000000000000002,1.0,0.5633649393497553,1.0,0.4835490301290726,630,0.0,0.5,1.0
8,1.0,1.0,0.6034105602857867,0.23764815244982784,1.0,0.08612959333692849,1.0,650,0.0,1.0,0.03416575992334303
8,0.11595384473395146,0.5017343066717359,0.700974752303043,0.6340225364936004,0.4932971990541102,0.5304848650599079,0.4608549297139177,670,0.0,0.5,0.5099415726873489
8,0.38249188172519055,0.8527406586344757,0.23588602706736395,0.1251472562864543,0.863108408872284,0.09262933222546443,0.8654341597493218,690,0.0,0.5,0.16340997044754524
8,0.42816093162735136,0.2323614654603237,0.0,0.0,0.2359643103941824,0.0,0.2609007209278449,710,0.0,0.5,0.0
8,0.0,0.2366003394320781,0.08967370067585234,0.14498263093818642,0.2436748550379697,0.1941424148134998,0.2494823188894824,730,0.0,0.0,0.16609307503051318
8,0.9060967769233156,0.0,0.17292263377093486,0.2726765797882417,0.0,0.30755809232019193,0.0,750,0.0,1.0,0.1522709594918078
8,0.15867704530190335,0.9739792060181358,0.5989608324710246,1.0,0.9933814192044288,1.0,0.9483329458793256,630,1.0,0.7000000000000001,0.5958370328552243
8,0.6641561023148824,0.9471916114125172,0.5118698951895021,0.8440976895015561,0.9490394427553356,0.5410088356305474,0.9296886675612726,650,1.0,0.7000000000000001,0.3125369223861667
8,0.0,0.8669153932185125,0.7761046576925229,0.9185679977409509,0.8878807778197455,0.9344443276165366,0.8471757973127758,670,1.0,0.5,1.0
8,0.9762199976319876,1.0,0.12218307387207805,0.4691402179480998,1.0,0.18503229144917924,1.0,690,1.0,0.0,0.0
8,0.18105582942637355,0.12369711245511895,0.0,0.0,0.15514103429699233,0.15866358076523884,0.16233543284752014,710,1.0,0.5,0.5649490178793318
8,1.0,0.2670356420194011,0.4765705649229369,0.44941059005943895,0.26580298747088804,0.0,0.28102524793191463,730,1.0,1.0,0.08348359330412719
8,0.6036203283267011,0.0,1.0,0.8303026592896664,0.0,0.3077211660996745,0.0,750,1.0,0.2,0.109439326149044
9,0.0,1.0,0.016134922182641526,0.016673386993460326,1.0,0.0,1.0,630,0.0,0.0,0.0
9,0.4921058761423524,0.0,0.02000382303169776,0.07666067606992355,0.0,0.13135697104546978,0.0,650,0.0,0.0,0.1463356449399109
9,1.0,0.8270298433398509,1.0,1.0,0.7481876939475693,1.0,0.4979409207750667,670,0.0,0.5,1.0
9,0.8101191064158861,0.607711767610768,0.15230855495198653,0.1565296140791182,0.5974414848363292,0.1652206748551358,0.5683665909434321,690,0.0,0.6666666666666667,0.15769675479672687
9,0.750736225107475,0.058751174152277486,0.2055538801227253,0.19251677422126906,0.02506549566837002,0.15392662114015335,0.018372172071241977,710,0.0,0.6666666666666667,0.125358875059182
9,0.5138646685440704,0.25176181176306045,0.0,0.0,0.2519112992121304,0.01839327098103745,0.27258312681023433,730,0.0,0.6666666666666667,0.010100298902974428
9,0.6997496448287968,0.40173521732622497,0.1203321829348891,0.17247378796183613,0.3852790581467041,0.17387767817143449,0.36117637519012813,750,0.0,1.0,0.1956326792049572
9,0.0,0.4353303562122024,0.13167469944762664,0.01102868160453363,0.4768589086858697,0.6579171181295238,0.4694534416523242,630,1.0,0.5,0.9729025471373244
9,1.0,0.5021616888674898,0.4531685727815737,0.5332917774338995,0.5134847706502015,1.0,0.4999765513101462,650,1.0,0.7000000000000001,0.64940915498664
9,0.664259145698344,0.0,1.0,1.0,0.0,0.0,0.0,670,1.0,0.0,0.0
9,0.1981834144222631,1.0,0.1486788989701205,0.0,1.0,0.5615257750090576,1.0,690,1.0,0.5,1.0
9,0.8600841381854301,0.3117526793817373,0.0,0.13803326352222745,0.3603276899917822,0.9748439662001088,0.34566455108755395,710,1.0,0.8,0.8496312356632207
9,0.7565960190816372,0.8529452536444664,0.011016133438629228,0.10788430163237173,0.8578151645880978,0.6110600812595635,0.8553594833046878,730,1.0,0.0,0.5665434446743416
9,0.8690379942472741,0.920741554954545,0.24403634751328854,0.4052736633391609,0.8999206755564749,0.4670132589342069,0.9006479457231293,750,1.0,1.0,0.4890373969168675
